http://svo2.cab.inta-csic.es/svo/theory/fps/index.php?mode=browse&gname=SLOAN&asttype=
CTIO_DECam.u_filter.dat  CTIO_DECam.g_filter.dat  CTIO_DECam.r_filter.dat  CTIO_DECam.i_filter.dat  CTIO_DECam.z_filter.dat  CTIO_DECam.Y_filter.dat  
min(wavelength)/cm and max(wavelength)/cm:
  2.990000000e-05  3.900000000e-05  5.570000000e-05  6.830000000e-05  8.270000000e-05  9.270000000e-05
  4.090000000e-05  5.570000000e-05  7.330000000e-05  8.840000000e-05  1.027000000e-04  1.089000000e-04
(wavelength and transmission)*6 bands:
202
  2.990000000e-05  0.000000000e+00  3.900000000e-05  0.000000000e+00  5.570000000e-05  0.000000000e+00  6.830000000e-05  0.000000000e+00  8.270000000e-05  0.000000000e+00  9.270000000e-05  0.000000000e+00
  3.000000000e-05  1.340000000e-03  3.910000000e-05  1.057000000e-03  5.580000000e-05  5.540000000e-04  6.840000000e-05  5.350000000e-04  8.280000000e-05  5.850000000e-04  9.280000000e-05  6.830000000e-04
  3.010000000e-05  1.076000000e-03  3.920000000e-05  3.552000000e-03  5.590000000e-05  1.077000000e-03  6.850000000e-05  6.860000000e-04  8.290000000e-05  8.020000000e-04  9.290000000e-05  9.530000000e-04
  3.020000000e-05  8.800000000e-04  3.930000000e-05  1.005600000e-02  5.600000000e-05  2.185000000e-03  6.860000000e-05  8.990000000e-04  8.300000000e-05  1.109000000e-03  9.300000000e-05  1.363000000e-03
  3.030000000e-05  1.513000000e-03  3.940000000e-05  2.922300000e-02  5.610000000e-05  4.644000000e-03  6.870000000e-05  1.208000000e-03  8.310000000e-05  1.557000000e-03  9.310000000e-05  1.974000000e-03
  3.040000000e-05  2.118100000e-02  3.950000000e-05  1.002320000e-01  5.620000000e-05  1.040700000e-02  6.880000000e-05  1.684000000e-03  8.320000000e-05  2.214000000e-03  9.320000000e-05  2.881000000e-03
  3.050000000e-05  8.550400000e-02  3.960000000e-05  1.955570000e-01  5.630000000e-05  5.024600000e-02  6.890000000e-05  2.434000000e-03  8.330000000e-05  3.159000000e-03  9.330000000e-05  3.737000000e-03
  3.060000000e-05  1.855350000e-01  3.970000000e-05  3.297050000e-01  5.640000000e-05  9.644900000e-02  6.900000000e-05  2.748000000e-03  8.340000000e-05  4.568000000e-03  9.340000000e-05  4.138000000e-03
  3.070000000e-05  2.839180000e-01  3.980000000e-05  4.730150000e-01  5.650000000e-05  1.777630000e-01  6.910000000e-05  2.942000000e-03  8.350000000e-05  6.691000000e-03  9.350000000e-05  4.587000000e-03
  3.080000000e-05  3.297250000e-01  3.990000000e-05  6.094650000e-01  5.660000000e-05  2.944710000e-01  6.920000000e-05  3.172000000e-03  8.360000000e-05  9.935000000e-03  9.360000000e-05  5.139000000e-03
  3.090000000e-05  3.649960000e-01  4.000000000e-05  7.308910000e-01  5.670000000e-05  4.328250000e-01  6.930000000e-05  3.504000000e-03  8.370000000e-05  1.505100000e-02  9.370000000e-05  5.917000000e-03
  3.100000000e-05  4.044250000e-01  4.010000000e-05  8.120770000e-01  5.680000000e-05  5.724350000e-01  6.940000000e-05  3.994000000e-03  8.380000000e-05  2.127100000e-02  9.380000000e-05  6.903000000e-03
  3.110000000e-05  4.822090000e-01  4.020000000e-05  8.491600000e-01  5.690000000e-05  6.962390000e-01  6.950000000e-05  4.585000000e-03  8.390000000e-05  2.375000000e-02  9.390000000e-05  8.120000000e-03
  3.120000000e-05  5.498320000e-01  4.030000000e-05  8.603280000e-01  5.700000000e-05  7.896100000e-01  6.960000000e-05  5.395000000e-03  8.400000000e-05  2.744000000e-02  9.400000000e-05  9.813000000e-03
  3.130000000e-05  5.929270000e-01  4.040000000e-05  8.688610000e-01  5.710000000e-05  8.451210000e-01  6.970000000e-05  6.726000000e-03  8.410000000e-05  3.311200000e-02  9.410000000e-05  1.205200000e-02
  3.140000000e-05  6.387620000e-01  4.050000000e-05  8.726450000e-01  5.720000000e-05  8.699000000e-01  6.980000000e-05  8.838000000e-03  8.420000000e-05  4.179100000e-02  9.420000000e-05  1.509200000e-02
  3.150000000e-05  6.757540000e-01  4.060000000e-05  8.749570000e-01  5.730000000e-05  8.785990000e-01  6.990000000e-05  1.209400000e-02  8.430000000e-05  5.499500000e-02  9.430000000e-05  1.927900000e-02
  3.160000000e-05  6.958730000e-01  4.070000000e-05  8.770110000e-01  5.740000000e-05  8.831800000e-01  7.000000000e-05  1.721600000e-02  8.440000000e-05  7.559100000e-02  9.440000000e-05  2.515200000e-02
  3.170000000e-05  7.005560000e-01  4.080000000e-05  8.786200000e-01  5.750000000e-05  8.862940000e-01  7.010000000e-05  2.532900000e-02  8.450000000e-05  1.073180000e-01  9.450000000e-05  3.367900000e-02
  3.180000000e-05  7.260300000e-01  4.090000000e-05  8.793570000e-01  5.760000000e-05  8.886690000e-01  7.020000000e-05  3.764400000e-02  8.460000000e-05  1.542970000e-01  9.460000000e-05  4.629600000e-02
  3.190000000e-05  7.678950000e-01  4.100000000e-05  8.796700000e-01  5.770000000e-05  8.905510000e-01  7.030000000e-05  5.581000000e-02  8.470000000e-05  2.200400000e-01  9.470000000e-05  6.524200000e-02
  3.200000000e-05  7.991230000e-01  4.110000000e-05  8.799440000e-01  5.780000000e-05  8.921150000e-01  7.040000000e-05  8.182100000e-02  8.480000000e-05  3.053600000e-01  9.480000000e-05  9.374000000e-02
  3.210000000e-05  8.139920000e-01  4.120000000e-05  8.792330000e-01  5.790000000e-05  8.935940000e-01  7.050000000e-05  1.176710000e-01  8.490000000e-05  4.063280000e-01  9.490000000e-05  1.358920000e-01
  3.220000000e-05  8.251020000e-01  4.130000000e-05  8.776640000e-01  5.800000000e-05  8.951230000e-01  7.060000000e-05  1.651810000e-01  8.500000000e-05  5.151820000e-01  9.500000000e-05  1.960720000e-01
  3.230000000e-05  8.279110000e-01  4.140000000e-05  8.768470000e-01  5.810000000e-05  8.968930000e-01  7.070000000e-05  2.253170000e-01  8.510000000e-05  6.220100000e-01  9.510000000e-05  2.763810000e-01
  3.240000000e-05  8.362270000e-01  4.150000000e-05  8.786450000e-01  5.820000000e-05  8.988400000e-01  7.080000000e-05  2.977500000e-01  8.520000000e-05  7.169530000e-01  9.520000000e-05  3.751750000e-01
  3.250000000e-05  8.505310000e-01  4.160000000e-05  8.814410000e-01  5.830000000e-05  9.006250000e-01  7.090000000e-05  3.804310000e-01  8.530000000e-05  7.936880000e-01  9.530000000e-05  4.864250000e-01
  3.260000000e-05  8.660010000e-01  4.170000000e-05  8.841970000e-01  5.840000000e-05  9.017370000e-01  7.100000000e-05  4.693460000e-01  8.540000000e-05  8.503700000e-01  9.540000000e-05  5.996150000e-01
  3.270000000e-05  8.772190000e-01  4.180000000e-05  8.872660000e-01  5.850000000e-05  9.017260000e-01  7.110000000e-05  5.591340000e-01  8.550000000e-05  8.883040000e-01  9.550000000e-05  7.034890000e-01
  3.280000000e-05  8.775520000e-01  4.190000000e-05  8.898610000e-01  5.860000000e-05  9.005230000e-01  7.120000000e-05  6.444770000e-01  8.560000000e-05  9.108720000e-01  9.560000000e-05  7.894300000e-01
  3.290000000e-05  8.823660000e-01  4.200000000e-05  8.902400000e-01  5.870000000e-05  8.985620000e-01  7.130000000e-05  7.208730000e-01  8.570000000e-05  9.222020000e-01  9.570000000e-05  8.531190000e-01
  3.300000000e-05  8.969900000e-01  4.210000000e-05  8.884660000e-01  5.880000000e-05  8.964600000e-01  7.140000000e-05  7.852460000e-01  8.580000000e-05  9.263950000e-01  9.580000000e-05  8.951660000e-01
  3.310000000e-05  8.991210000e-01  4.220000000e-05  8.870790000e-01  5.890000000e-05  8.948220000e-01  7.150000000e-05  8.361230000e-01  8.590000000e-05  9.265910000e-01  9.590000000e-05  9.202640000e-01
  3.320000000e-05  8.826270000e-01  4.230000000e-05  8.863390000e-01  5.900000000e-05  8.943590000e-01  7.160000000e-05  8.741120000e-01  8.600000000e-05  9.253280000e-01  9.600000000e-05  9.340100000e-01
  3.330000000e-05  8.794610000e-01  4.240000000e-05  8.863780000e-01  5.910000000e-05  8.950090000e-01  7.170000000e-05  9.005160000e-01  8.610000000e-05  9.246240000e-01  9.610000000e-05  9.413290000e-01
  3.340000000e-05  8.650100000e-01  4.250000000e-05  8.875930000e-01  5.920000000e-05  8.964690000e-01  7.180000000e-05  9.172010000e-01  8.620000000e-05  9.254750000e-01  9.620000000e-05  9.457980000e-01
  3.350000000e-05  8.709280000e-01  4.260000000e-05  8.901740000e-01  5.930000000e-05  8.981590000e-01  7.190000000e-05  9.263860000e-01  8.630000000e-05  9.284220000e-01  9.630000000e-05  9.493500000e-01
  3.360000000e-05  8.922980000e-01  4.270000000e-05  8.923630000e-01  5.940000000e-05  8.994310000e-01  7.200000000e-05  9.305610000e-01  8.640000000e-05  9.331080000e-01  9.640000000e-05  9.526380000e-01
  3.370000000e-05  8.939860000e-01  4.280000000e-05  8.937480000e-01  5.950000000e-05  8.998980000e-01  7.210000000e-05  9.318980000e-01  8.650000000e-05  9.387700000e-01  9.650000000e-05  9.558370000e-01
  3.380000000e-05  9.001430000e-01  4.290000000e-05  8.952270000e-01  5.960000000e-05  8.998460000e-01  7.220000000e-05  9.325200000e-01  8.660000000e-05  9.447880000e-01  9.660000000e-05  9.588320000e-01
  3.390000000e-05  9.006870000e-01  4.300000000e-05  8.969560000e-01  5.970000000e-05  8.995860000e-01  7.230000000e-05  9.339550000e-01  8.670000000e-05  9.502050000e-01  9.670000000e-05  9.614170000e-01
  3.400000000e-05  9.091310000e-01  4.310000000e-05  8.978470000e-01  5.980000000e-05  8.995400000e-01  7.240000000e-05  9.368810000e-01  8.680000000e-05  9.544790000e-01  9.680000000e-05  9.633680000e-01
  3.410000000e-05  9.094970000e-01  4.320000000e-05  8.971940000e-01  5.990000000e-05  9.000660000e-01  7.250000000e-05  9.414390000e-01  8.690000000e-05  9.574260000e-01  9.690000000e-05  9.647230000e-01
  3.420000000e-05  8.979950000e-01  4.330000000e-05  8.966300000e-01  6.000000000e-05  9.011700000e-01  7.260000000e-05  9.471650000e-01  8.700000000e-05  9.591180000e-01  9.700000000e-05  9.654800000e-01
  3.430000000e-05  8.965220000e-01  4.340000000e-05  8.964350000e-01  6.010000000e-05  9.024140000e-01  7.270000000e-05  9.532240000e-01  8.710000000e-05  9.596700000e-01  9.710000000e-05  9.656750000e-01
  3.440000000e-05  9.079390000e-01  4.350000000e-05  8.962860000e-01  6.020000000e-05  9.034740000e-01  7.280000000e-05  9.585910000e-01  8.720000000e-05  9.594360000e-01  9.720000000e-05  9.654820000e-01
  3.450000000e-05  9.225190000e-01  4.360000000e-05  8.962520000e-01  6.030000000e-05  9.041890000e-01  7.290000000e-05  9.623030000e-01  8.730000000e-05  9.587900000e-01  9.730000000e-05  9.650150000e-01
  3.460000000e-05  9.352420000e-01  4.370000000e-05  8.974270000e-01  6.040000000e-05  9.044840000e-01  7.300000000e-05  9.638270000e-01  8.740000000e-05  9.581170000e-01  9.740000000e-05  9.644500000e-01
  3.470000000e-05  9.332000000e-01  4.380000000e-05  8.999770000e-01  6.050000000e-05  9.042130000e-01  7.310000000e-05  9.631290000e-01  8.750000000e-05  9.577550000e-01  9.750000000e-05  9.639390000e-01
  3.480000000e-05  9.248100000e-01  4.390000000e-05  9.025820000e-01  6.060000000e-05  9.035550000e-01  7.320000000e-05  9.605540000e-01  8.760000000e-05  9.578500000e-01  9.760000000e-05  9.635970000e-01
  3.490000000e-05  9.194040000e-01  4.400000000e-05  9.048560000e-01  6.070000000e-05  9.025150000e-01  7.330000000e-05  9.567790000e-01  8.770000000e-05  9.585490000e-01  9.770000000e-05  9.635680000e-01
  3.500000000e-05  9.187100000e-01  4.410000000e-05  9.070660000e-01  6.080000000e-05  9.014200000e-01  7.340000000e-05  9.527170000e-01  8.780000000e-05  9.598390000e-01  9.780000000e-05  9.638950000e-01
  3.510000000e-05  9.182250000e-01  4.420000000e-05  9.093450000e-01  6.090000000e-05  9.007840000e-01  7.350000000e-05  9.493680000e-01  8.790000000e-05  9.616610000e-01  9.790000000e-05  9.646290000e-01
  3.520000000e-05  9.159360000e-01  4.430000000e-05  9.108800000e-01  6.100000000e-05  9.009390000e-01  7.360000000e-05  9.474130000e-01  8.800000000e-05  9.640140000e-01  9.800000000e-05  9.657640000e-01
  3.530000000e-05  9.111460000e-01  4.440000000e-05  9.112640000e-01  6.110000000e-05  9.019050000e-01  7.370000000e-05  9.471600000e-01  8.810000000e-05  9.664270000e-01  9.810000000e-05  9.671860000e-01
  3.540000000e-05  9.132050000e-01  4.450000000e-05  9.111240000e-01  6.120000000e-05  9.034960000e-01  7.380000000e-05  9.485090000e-01  8.820000000e-05  9.688170000e-01  9.820000000e-05  9.689150000e-01
  3.550000000e-05  9.251810000e-01  4.460000000e-05  9.109030000e-01  6.130000000e-05  9.052040000e-01  7.390000000e-05  9.510160000e-01  8.830000000e-05  9.710400000e-01  9.830000000e-05  9.708270000e-01
  3.560000000e-05  9.430570000e-01  4.470000000e-05  9.105070000e-01  6.140000000e-05  9.065740000e-01  7.400000000e-05  9.544270000e-01  8.840000000e-05  9.728880000e-01  9.840000000e-05  9.727600000e-01
  3.570000000e-05  9.468780000e-01  4.480000000e-05  9.097110000e-01  6.150000000e-05  9.076070000e-01  7.410000000e-05  9.580060000e-01  8.850000000e-05  9.742980000e-01  9.850000000e-05  9.745790000e-01
  3.580000000e-05  9.376110000e-01  4.490000000e-05  9.089560000e-01  6.160000000e-05  9.080940000e-01  7.420000000e-05  9.611400000e-01  8.860000000e-05  9.751460000e-01  9.860000000e-05  9.763000000e-01
  3.590000000e-05  9.280150000e-01  4.500000000e-05  9.086690000e-01  6.170000000e-05  9.083060000e-01  7.430000000e-05  9.634990000e-01  8.870000000e-05  9.753060000e-01  9.870000000e-05  9.777960000e-01
  3.600000000e-05  9.203500000e-01  4.510000000e-05  9.089440000e-01  6.180000000e-05  9.082020000e-01  7.440000000e-05  9.649950000e-01  8.880000000e-05  9.747490000e-01  9.880000000e-05  9.789630000e-01
  3.610000000e-05  9.171670000e-01  4.520000000e-05  9.096260000e-01  6.190000000e-05  9.077290000e-01  7.450000000e-05  9.655190000e-01  8.890000000e-05  9.736000000e-01  9.890000000e-05  9.797760000e-01
  3.620000000e-05  9.235450000e-01  4.530000000e-05  9.105040000e-01  6.200000000e-05  9.072430000e-01  7.460000000e-05  9.653580000e-01  8.900000000e-05  9.722110000e-01  9.900000000e-05  9.803210000e-01
  3.630000000e-05  9.367910000e-01  4.540000000e-05  9.113610000e-01  6.210000000e-05  9.068450000e-01  7.470000000e-05  9.649190000e-01  8.910000000e-05  9.705670000e-01  9.910000000e-05  9.805870000e-01
  3.640000000e-05  9.433560000e-01  4.550000000e-05  9.115910000e-01  6.220000000e-05  9.066030000e-01  7.480000000e-05  9.645420000e-01  8.920000000e-05  9.687380000e-01  9.920000000e-05  9.807270000e-01
  3.650000000e-05  9.413700000e-01  4.560000000e-05  9.109280000e-01  6.230000000e-05  9.065470000e-01  7.490000000e-05  9.643140000e-01  8.930000000e-05  9.669060000e-01  9.930000000e-05  9.808000000e-01
  3.660000000e-05  9.490840000e-01  4.570000000e-05  9.097610000e-01  6.240000000e-05  9.066570000e-01  7.500000000e-05  9.645580000e-01  8.940000000e-05  9.653330000e-01  9.940000000e-05  9.807830000e-01
  3.670000000e-05  9.551190000e-01  4.580000000e-05  9.088650000e-01  6.250000000e-05  9.068540000e-01  7.510000000e-05  9.652070000e-01  8.950000000e-05  9.642450000e-01  9.950000000e-05  9.808350000e-01
  3.680000000e-05  9.565980000e-01  4.590000000e-05  9.085870000e-01  6.260000000e-05  9.071120000e-01  7.520000000e-05  9.660030000e-01  8.960000000e-05  9.636670000e-01  9.960000000e-05  9.809980000e-01
  3.690000000e-05  9.553960000e-01  4.600000000e-05  9.090520000e-01  6.270000000e-05  9.073680000e-01  7.530000000e-05  9.666550000e-01  8.970000000e-05  9.636350000e-01  9.970000000e-05  9.812420000e-01
  3.700000000e-05  9.512000000e-01  4.610000000e-05  9.101500000e-01  6.280000000e-05  9.076830000e-01  7.540000000e-05  9.670140000e-01  8.980000000e-05  9.642010000e-01  9.980000000e-05  9.815240000e-01
  3.710000000e-05  9.474300000e-01  4.620000000e-05  9.116160000e-01  6.290000000e-05  9.080970000e-01  7.550000000e-05  9.667970000e-01  8.990000000e-05  9.652660000e-01  9.990000000e-05  9.818470000e-01
  3.720000000e-05  9.450000000e-01  4.630000000e-05  9.130620000e-01  6.300000000e-05  9.084750000e-01  7.560000000e-05  9.658950000e-01  9.000000000e-05  9.668710000e-01  1.000000000e-04  9.822370000e-01
  3.730000000e-05  9.447980000e-01  4.640000000e-05  9.140290000e-01  6.310000000e-05  9.085880000e-01  7.570000000e-05  9.643920000e-01  9.010000000e-05  9.688290000e-01  1.001000000e-04  9.825460000e-01
  3.740000000e-05  9.504810000e-01  4.650000000e-05  9.143220000e-01  6.320000000e-05  9.083370000e-01  7.580000000e-05  9.625170000e-01  9.020000000e-05  9.708990000e-01  1.002000000e-04  9.827330000e-01
  3.750000000e-05  9.583080000e-01  4.660000000e-05  9.138930000e-01  6.330000000e-05  9.079440000e-01  7.590000000e-05  9.604050000e-01  9.030000000e-05  9.729110000e-01  1.003000000e-04  9.828430000e-01
  3.760000000e-05  9.630080000e-01  4.670000000e-05  9.126860000e-01  6.340000000e-05  9.077530000e-01  7.600000000e-05  9.583980000e-01  9.040000000e-05  9.746670000e-01  1.004000000e-04  9.827570000e-01
  3.770000000e-05  9.642300000e-01  4.680000000e-05  9.107280000e-01  6.350000000e-05  9.079730000e-01  7.610000000e-05  9.567350000e-01  9.050000000e-05  9.759740000e-01  1.005000000e-04  9.825200000e-01
  3.780000000e-05  9.639660000e-01  4.690000000e-05  9.082710000e-01  6.360000000e-05  9.085080000e-01  7.620000000e-05  9.555390000e-01  9.060000000e-05  9.767020000e-01  1.006000000e-04  9.822340000e-01
  3.790000000e-05  9.657930000e-01  4.700000000e-05  9.059420000e-01  6.370000000e-05  9.092920000e-01  7.630000000e-05  9.548280000e-01  9.070000000e-05  9.768180000e-01  1.007000000e-04  9.819550000e-01
  3.800000000e-05  9.666980000e-01  4.710000000e-05  9.045360000e-01  6.380000000e-05  9.100540000e-01  7.640000000e-05  9.544210000e-01  9.080000000e-05  9.764130000e-01  1.008000000e-04  9.816220000e-01
  3.810000000e-05  9.667120000e-01  4.720000000e-05  9.042980000e-01  6.390000000e-05  9.105300000e-01  7.650000000e-05  9.542170000e-01  9.090000000e-05  9.755970000e-01  1.009000000e-04  9.813060000e-01
  3.820000000e-05  9.627360000e-01  4.730000000e-05  9.051870000e-01  6.400000000e-05  9.106510000e-01  7.660000000e-05  9.541730000e-01  9.100000000e-05  9.745430000e-01  1.010000000e-04  9.810890000e-01
  3.830000000e-05  9.558790000e-01  4.740000000e-05  9.069570000e-01  6.410000000e-05  9.104350000e-01  7.670000000e-05  9.542790000e-01  9.110000000e-05  9.734620000e-01  1.011000000e-04  9.809930000e-01
  3.840000000e-05  9.506430000e-01  4.750000000e-05  9.089700000e-01  6.420000000e-05  9.098520000e-01  7.680000000e-05  9.545160000e-01  9.120000000e-05  9.725550000e-01  1.012000000e-04  9.809920000e-01
  3.850000000e-05  9.488610000e-01  4.760000000e-05  9.107420000e-01  6.430000000e-05  9.089670000e-01  7.690000000e-05  9.549210000e-01  9.130000000e-05  9.719260000e-01  1.013000000e-04  9.811040000e-01
  3.860000000e-05  9.513300000e-01  4.770000000e-05  9.116080000e-01  6.440000000e-05  9.079060000e-01  7.700000000e-05  9.556160000e-01  9.140000000e-05  9.717000000e-01  1.014000000e-04  9.813470000e-01
  3.870000000e-05  9.571770000e-01  4.780000000e-05  9.114030000e-01  6.450000000e-05  9.067960000e-01  7.710000000e-05  9.568010000e-01  9.150000000e-05  9.720280000e-01  1.015000000e-04  9.816080000e-01
  3.880000000e-05  9.631730000e-01  4.790000000e-05  9.105270000e-01  6.460000000e-05  9.057590000e-01  7.720000000e-05  9.586160000e-01  9.160000000e-05  9.729240000e-01  1.016000000e-04  9.818260000e-01
  3.890000000e-05  9.684910000e-01  4.800000000e-05  9.096230000e-01  6.470000000e-05  9.049120000e-01  7.730000000e-05  9.609610000e-01  9.170000000e-05  9.741580000e-01  1.017000000e-04  9.821170000e-01
  3.900000000e-05  9.699110000e-01  4.810000000e-05  9.089360000e-01  6.480000000e-05  9.043250000e-01  7.740000000e-05  9.637150000e-01  9.180000000e-05  9.757820000e-01  1.018000000e-04  9.822440000e-01
  3.910000000e-05  9.706500000e-01  4.820000000e-05  9.084140000e-01  6.490000000e-05  9.039540000e-01  7.750000000e-05  9.666420000e-01  9.190000000e-05  9.775220000e-01  1.019000000e-04  9.822940000e-01
  3.920000000e-05  9.681190000e-01  4.830000000e-05  9.077600000e-01  6.500000000e-05  9.036690000e-01  7.760000000e-05  9.694280000e-01  9.200000000e-05  9.791630000e-01  1.020000000e-04  9.823040000e-01
  3.930000000e-05  9.663680000e-01  4.840000000e-05  9.067300000e-01  6.510000000e-05  9.035860000e-01  7.770000000e-05  9.717160000e-01  9.210000000e-05  9.805670000e-01  1.021000000e-04  9.822210000e-01
  3.940000000e-05  9.651990000e-01  4.850000000e-05  9.053670000e-01  6.520000000e-05  9.038210000e-01  7.780000000e-05  9.730990000e-01  9.220000000e-05  9.814610000e-01  1.022000000e-04  9.820490000e-01
  3.950000000e-05  9.611460000e-01  4.860000000e-05  9.039470000e-01  6.530000000e-05  9.045550000e-01  7.790000000e-05  9.737420000e-01  9.230000000e-05  9.818430000e-01  1.023000000e-04  9.817540000e-01
  3.960000000e-05  9.597030000e-01  4.870000000e-05  9.030920000e-01  6.540000000e-05  9.057680000e-01  7.800000000e-05  9.735250000e-01  9.240000000e-05  9.815590000e-01  1.024000000e-04  9.814640000e-01
  3.970000000e-05  9.471630000e-01  4.880000000e-05  9.034270000e-01  6.550000000e-05  9.071330000e-01  7.810000000e-05  9.726510000e-01  9.250000000e-05  9.804990000e-01  1.025000000e-04  9.812400000e-01
  3.980000000e-05  8.595750000e-01  4.890000000e-05  9.051260000e-01  6.560000000e-05  9.085020000e-01  7.820000000e-05  9.717420000e-01  9.260000000e-05  9.787300000e-01  1.026000000e-04  9.808880000e-01
  3.990000000e-05  6.397790000e-01  4.900000000e-05  9.076260000e-01  6.570000000e-05  9.096120000e-01  7.830000000e-05  9.709250000e-01  9.270000000e-05  9.764860000e-01  1.027000000e-04  9.806090000e-01
  4.000000000e-05  3.592630000e-01  4.910000000e-05  9.095980000e-01  6.580000000e-05  9.103460000e-01  7.840000000e-05  9.707280000e-01  9.280000000e-05  9.738670000e-01  1.028000000e-04  9.803210000e-01
  4.010000000e-05  1.510750000e-01  4.920000000e-05  9.098220000e-01  6.590000000e-05  9.106660000e-01  7.850000000e-05  9.712770000e-01  9.290000000e-05  9.710300000e-01  1.029000000e-04  9.800080000e-01
  4.020000000e-05  5.339700000e-02  4.930000000e-05  9.081690000e-01  6.600000000e-05  9.105320000e-01  7.860000000e-05  9.724250000e-01  9.300000000e-05  9.682060000e-01  1.030000000e-04  9.797350000e-01
  4.030000000e-05  2.042800000e-02  4.940000000e-05  9.053400000e-01  6.610000000e-05  9.098790000e-01  7.870000000e-05  9.739050000e-01  9.310000000e-05  9.657000000e-01  1.031000000e-04  9.794150000e-01
  4.040000000e-05  8.987000000e-03  4.950000000e-05  9.024960000e-01  6.620000000e-05  9.088050000e-01  7.880000000e-05  9.752940000e-01  9.320000000e-05  9.635930000e-01  1.032000000e-04  9.790220000e-01
  4.050000000e-05  4.146000000e-03  4.960000000e-05  9.008240000e-01  6.630000000e-05  9.074890000e-01  7.890000000e-05  9.758360000e-01  9.330000000e-05  9.620650000e-01  1.033000000e-04  9.785860000e-01
  4.060000000e-05  2.081000000e-03  4.970000000e-05  9.010980000e-01  6.640000000e-05  9.062270000e-01  7.900000000e-05  9.749710000e-01  9.340000000e-05  9.611770000e-01  1.034000000e-04  9.781160000e-01
  4.070000000e-05  1.101000000e-03  4.980000000e-05  9.030010000e-01  6.650000000e-05  9.053630000e-01  7.910000000e-05  9.723620000e-01  9.350000000e-05  9.608470000e-01  1.035000000e-04  9.775210000e-01
  4.080000000e-05  5.770000000e-04  4.990000000e-05  9.056430000e-01  6.660000000e-05  9.049040000e-01  7.920000000e-05  9.678010000e-01  9.360000000e-05  9.610740000e-01  1.036000000e-04  9.770080000e-01
  4.090000000e-05  0.000000000e+00  5.000000000e-05  9.079930000e-01  6.670000000e-05  9.049620000e-01  7.930000000e-05  9.616570000e-01  9.370000000e-05  9.617290000e-01  1.037000000e-04  9.764140000e-01
  4.100000000e-05  0.000000000e+00  5.010000000e-05  9.093380000e-01  6.680000000e-05  9.055430000e-01  7.940000000e-05  9.544630000e-01  9.380000000e-05  9.627680000e-01  1.038000000e-04  9.756800000e-01
  4.110000000e-05  0.000000000e+00  5.020000000e-05  9.097740000e-01  6.690000000e-05  9.064630000e-01  7.950000000e-05  9.471520000e-01  9.390000000e-05  9.640890000e-01  1.039000000e-04  9.749050000e-01
  4.120000000e-05  0.000000000e+00  5.030000000e-05  9.098690000e-01  6.700000000e-05  9.073690000e-01  7.960000000e-05  9.408320000e-01  9.400000000e-05  9.654100000e-01  1.040000000e-04  9.739300000e-01
  4.130000000e-05  0.000000000e+00  5.040000000e-05  9.099910000e-01  6.710000000e-05  9.080260000e-01  7.970000000e-05  9.363010000e-01  9.410000000e-05  9.667750000e-01  1.041000000e-04  9.727720000e-01
  4.140000000e-05  0.000000000e+00  5.050000000e-05  9.102800000e-01  6.720000000e-05  9.083810000e-01  7.980000000e-05  9.340460000e-01  9.420000000e-05  9.678800000e-01  1.042000000e-04  9.713010000e-01
  4.150000000e-05  0.000000000e+00  5.060000000e-05  9.107000000e-01  6.730000000e-05  9.083850000e-01  7.990000000e-05  9.345220000e-01  9.430000000e-05  9.686000000e-01  1.043000000e-04  9.693410000e-01
  4.160000000e-05  0.000000000e+00  5.070000000e-05  9.110910000e-01  6.740000000e-05  9.080550000e-01  8.000000000e-05  9.376850000e-01  9.440000000e-05  9.690070000e-01  1.044000000e-04  9.668170000e-01
  4.170000000e-05  0.000000000e+00  5.080000000e-05  9.112930000e-01  6.750000000e-05  9.075120000e-01  8.010000000e-05  9.429400000e-01  9.450000000e-05  9.690490000e-01  1.045000000e-04  9.636910000e-01
  4.180000000e-05  0.000000000e+00  5.090000000e-05  9.110870000e-01  6.760000000e-05  9.067680000e-01  8.020000000e-05  9.496090000e-01  9.460000000e-05  9.686660000e-01  1.046000000e-04  9.598510000e-01
  4.190000000e-05  0.000000000e+00  5.100000000e-05  9.101870000e-01  6.770000000e-05  9.061720000e-01  8.030000000e-05  9.563410000e-01  9.470000000e-05  9.678790000e-01  1.047000000e-04  9.552540000e-01
  4.200000000e-05  0.000000000e+00  5.110000000e-05  9.083910000e-01  6.780000000e-05  9.058440000e-01  8.040000000e-05  9.620570000e-01  9.480000000e-05  9.668980000e-01  1.048000000e-04  9.499910000e-01
  4.210000000e-05  0.000000000e+00  5.120000000e-05  9.058450000e-01  6.790000000e-05  9.057370000e-01  8.050000000e-05  9.658820000e-01  9.490000000e-05  9.661060000e-01  1.049000000e-04  9.442900000e-01
  4.220000000e-05  0.000000000e+00  5.130000000e-05  9.032510000e-01  6.800000000e-05  9.058080000e-01  8.060000000e-05  9.671350000e-01  9.500000000e-05  9.652040000e-01  1.050000000e-04  9.383690000e-01
  4.230000000e-05  0.000000000e+00  5.140000000e-05  9.016710000e-01  6.810000000e-05  9.061610000e-01  8.070000000e-05  9.656050000e-01  9.510000000e-05  9.645490000e-01  1.051000000e-04  9.323840000e-01
  4.240000000e-05  0.000000000e+00  5.150000000e-05  9.017560000e-01  6.820000000e-05  9.066490000e-01  8.080000000e-05  9.618390000e-01  9.520000000e-05  9.642220000e-01  1.052000000e-04  9.265000000e-01
  4.250000000e-05  0.000000000e+00  5.160000000e-05  9.034010000e-01  6.830000000e-05  9.070380000e-01  8.090000000e-05  9.567770000e-01  9.530000000e-05  9.641160000e-01  1.053000000e-04  9.210450000e-01
  4.260000000e-05  0.000000000e+00  5.170000000e-05  9.057770000e-01  6.840000000e-05  9.071870000e-01  8.100000000e-05  9.515450000e-01  9.540000000e-05  9.644320000e-01  1.054000000e-04  9.157890000e-01
  4.270000000e-05  0.000000000e+00  5.180000000e-05  9.078040000e-01  6.850000000e-05  9.071680000e-01  8.110000000e-05  9.472220000e-01  9.550000000e-05  9.651500000e-01  1.055000000e-04  9.105290000e-01
  4.280000000e-05  0.000000000e+00  5.190000000e-05  9.089530000e-01  6.860000000e-05  9.068840000e-01  8.120000000e-05  9.444740000e-01  9.560000000e-05  9.661370000e-01  1.056000000e-04  9.045920000e-01
  4.290000000e-05  0.000000000e+00  5.200000000e-05  9.093280000e-01  6.870000000e-05  9.064950000e-01  8.130000000e-05  9.439420000e-01  9.570000000e-05  9.672750000e-01  1.057000000e-04  8.966610000e-01
  4.300000000e-05  0.000000000e+00  5.210000000e-05  9.094540000e-01  6.880000000e-05  9.060090000e-01  8.140000000e-05  9.456390000e-01  9.580000000e-05  9.685160000e-01  1.058000000e-04  8.851290000e-01
  4.310000000e-05  0.000000000e+00  5.220000000e-05  9.099390000e-01  6.890000000e-05  9.053340000e-01  8.150000000e-05  9.489990000e-01  9.590000000e-05  9.696980000e-01  1.059000000e-04  8.678720000e-01
  4.320000000e-05  0.000000000e+00  5.230000000e-05  9.111500000e-01  6.900000000e-05  9.044210000e-01  8.160000000e-05  9.532900000e-01  9.600000000e-05  9.707390000e-01  1.060000000e-04  8.425580000e-01
  4.330000000e-05  0.000000000e+00  5.240000000e-05  9.128740000e-01  6.910000000e-05  9.033060000e-01  8.170000000e-05  9.573490000e-01  9.610000000e-05  9.715880000e-01  1.061000000e-04  8.069450000e-01
  4.340000000e-05  0.000000000e+00  5.250000000e-05  9.146650000e-01  6.920000000e-05  9.020170000e-01  8.180000000e-05  9.600660000e-01  9.620000000e-05  9.722300000e-01  1.062000000e-04  7.591870000e-01
  4.350000000e-05  0.000000000e+00  5.260000000e-05  9.159940000e-01  6.930000000e-05  9.007680000e-01  8.190000000e-05  9.605800000e-01  9.630000000e-05  9.726870000e-01  1.063000000e-04  6.982720000e-01
  4.360000000e-05  0.000000000e+00  5.270000000e-05  9.164650000e-01  6.940000000e-05  8.998150000e-01  8.200000000e-05  9.584450000e-01  9.640000000e-05  9.728900000e-01  1.064000000e-04  6.252070000e-01
  4.370000000e-05  0.000000000e+00  5.280000000e-05  9.161120000e-01  6.950000000e-05  8.992370000e-01  8.210000000e-05  9.538010000e-01  9.650000000e-05  9.730140000e-01  1.065000000e-04  5.429920000e-01
  4.380000000e-05  0.000000000e+00  5.290000000e-05  9.152130000e-01  6.960000000e-05  8.989930000e-01  8.220000000e-05  9.471510000e-01  9.660000000e-05  9.732250000e-01  1.066000000e-04  4.562910000e-01
  4.390000000e-05  0.000000000e+00  5.300000000e-05  9.141050000e-01  6.970000000e-05  8.987540000e-01  8.230000000e-05  9.397630000e-01  9.670000000e-05  9.735900000e-01  1.067000000e-04  3.707130000e-01
  4.400000000e-05  0.000000000e+00  5.310000000e-05  9.130930000e-01  6.980000000e-05  8.985170000e-01  8.240000000e-05  9.330440000e-01  9.680000000e-05  9.741430000e-01  1.068000000e-04  2.915650000e-01
  4.410000000e-05  0.000000000e+00  5.320000000e-05  9.123500000e-01  6.990000000e-05  8.984150000e-01  8.250000000e-05  9.280520000e-01  9.690000000e-05  9.749570000e-01  1.069000000e-04  2.228440000e-01
  4.420000000e-05  0.000000000e+00  5.330000000e-05  9.118560000e-01  7.000000000e-05  8.982400000e-01  8.260000000e-05  9.257770000e-01  9.700000000e-05  9.760830000e-01  1.070000000e-04  1.667050000e-01
  4.430000000e-05  0.000000000e+00  5.340000000e-05  9.117790000e-01  7.010000000e-05  8.978560000e-01  8.270000000e-05  9.267160000e-01  9.710000000e-05  9.774780000e-01  1.071000000e-04  1.230930000e-01
  4.440000000e-05  0.000000000e+00  5.350000000e-05  9.121120000e-01  7.020000000e-05  8.969180000e-01  8.280000000e-05  9.307520000e-01  9.720000000e-05  9.789320000e-01  1.072000000e-04  9.056400000e-02
  4.450000000e-05  0.000000000e+00  5.360000000e-05  9.122180000e-01  7.030000000e-05  8.951580000e-01  8.290000000e-05  9.371140000e-01  9.730000000e-05  9.803730000e-01  1.073000000e-04  6.723200000e-02
  4.460000000e-05  0.000000000e+00  5.370000000e-05  9.109020000e-01  7.040000000e-05  8.924880000e-01  8.300000000e-05  9.444670000e-01  9.740000000e-05  9.816390000e-01  1.074000000e-04  5.103200000e-02
  4.470000000e-05  0.000000000e+00  5.380000000e-05  9.068830000e-01  7.050000000e-05  8.890260000e-01  8.310000000e-05  9.521080000e-01  9.750000000e-05  9.825800000e-01  1.075000000e-04  4.000900000e-02
  4.480000000e-05  0.000000000e+00  5.390000000e-05  9.003990000e-01  7.060000000e-05  8.845120000e-01  8.320000000e-05  9.583680000e-01  9.760000000e-05  9.830840000e-01  1.076000000e-04  3.237400000e-02
  4.490000000e-05  0.000000000e+00  5.400000000e-05  8.933190000e-01  7.070000000e-05  8.780860000e-01  8.330000000e-05  9.620410000e-01  9.770000000e-05  9.830540000e-01  1.077000000e-04  2.696700000e-02
  4.500000000e-05  0.000000000e+00  5.410000000e-05  8.877680000e-01  7.080000000e-05  8.693590000e-01  8.340000000e-05  9.626590000e-01  9.780000000e-05  9.824110000e-01  1.078000000e-04  2.316300000e-02
  4.510000000e-05  0.000000000e+00  5.420000000e-05  8.850790000e-01  7.090000000e-05  8.589010000e-01  8.350000000e-05  9.599570000e-01  9.790000000e-05  9.812270000e-01  1.079000000e-04  2.063200000e-02
  4.520000000e-05  0.000000000e+00  5.430000000e-05  8.842250000e-01  7.100000000e-05  8.486400000e-01  8.360000000e-05  9.550620000e-01  9.800000000e-05  9.796440000e-01  1.080000000e-04  1.182000000e-02
  4.530000000e-05  0.000000000e+00  5.440000000e-05  8.778870000e-01  7.110000000e-05  8.359250000e-01  8.370000000e-05  9.486260000e-01  9.810000000e-05  9.777730000e-01  1.081000000e-04  7.819000000e-03
  4.540000000e-05  0.000000000e+00  5.450000000e-05  8.420560000e-01  7.120000000e-05  8.098900000e-01  8.380000000e-05  9.415820000e-01  9.820000000e-05  9.757490000e-01  1.082000000e-04  5.229000000e-03
  4.550000000e-05  0.000000000e+00  5.460000000e-05  7.608440000e-01  7.130000000e-05  7.589820000e-01  8.390000000e-05  9.352730000e-01  9.830000000e-05  9.736180000e-01  1.083000000e-04  3.541000000e-03
  4.560000000e-05  0.000000000e+00  5.470000000e-05  6.366710000e-01  7.140000000e-05  6.772570000e-01  8.400000000e-05  9.304310000e-01  9.840000000e-05  9.714500000e-01  1.084000000e-04  2.426000000e-03
  4.570000000e-05  0.000000000e+00  5.480000000e-05  4.893310000e-01  7.150000000e-05  5.692030000e-01  8.410000000e-05  9.271770000e-01  9.850000000e-05  9.693190000e-01  1.085000000e-04  1.676000000e-03
  4.580000000e-05  0.000000000e+00  5.490000000e-05  3.356920000e-01  7.160000000e-05  4.452630000e-01  8.420000000e-05  9.255210000e-01  9.860000000e-05  9.671480000e-01  1.086000000e-04  1.171000000e-03
  4.590000000e-05  0.000000000e+00  5.500000000e-05  1.997440000e-01  7.170000000e-05  3.214560000e-01  8.430000000e-05  9.252950000e-01  9.870000000e-05  9.647590000e-01  1.087000000e-04  8.370000000e-04
  4.600000000e-05  0.000000000e+00  5.510000000e-05  1.040010000e-01  7.180000000e-05  2.148500000e-01  8.440000000e-05  9.261170000e-01  9.880000000e-05  9.621050000e-01  1.088000000e-04  5.960000000e-04
  4.610000000e-05  0.000000000e+00  5.520000000e-05  5.281800000e-02  7.190000000e-05  1.373630000e-01  8.450000000e-05  9.279100000e-01  9.890000000e-05  9.591480000e-01  1.089000000e-04  0.000000000e+00
  4.620000000e-05  0.000000000e+00  5.530000000e-05  3.049600000e-02  7.200000000e-05  8.731000000e-02  8.460000000e-05  9.307450000e-01  9.900000000e-05  9.557580000e-01  1.090000000e-04  0.000000000e+00
  4.630000000e-05  0.000000000e+00  5.540000000e-05  1.994200000e-02  7.210000000e-05  5.591900000e-02  8.470000000e-05  9.346430000e-01  9.910000000e-05  9.521440000e-01  1.091000000e-04  0.000000000e+00
  4.640000000e-05  0.000000000e+00  5.550000000e-05  1.472600000e-02  7.220000000e-05  3.641500000e-02  8.480000000e-05  9.394010000e-01  9.920000000e-05  9.482380000e-01  1.092000000e-04  0.000000000e+00
  4.650000000e-05  0.000000000e+00  5.560000000e-05  6.150000000e-04  7.230000000e-05  2.424800000e-02  8.490000000e-05  9.446310000e-01  9.930000000e-05  9.434400000e-01  1.093000000e-04  0.000000000e+00
  4.660000000e-05  0.000000000e+00  5.570000000e-05  0.000000000e+00  7.240000000e-05  1.682700000e-02  8.500000000e-05  9.472210000e-01  9.940000000e-05  9.363030000e-01  1.094000000e-04  0.000000000e+00
  4.670000000e-05  0.000000000e+00  5.580000000e-05  0.000000000e+00  7.250000000e-05  1.242400000e-02  8.510000000e-05  9.424620000e-01  9.950000000e-05  9.240930000e-01  1.095000000e-04  0.000000000e+00
  4.680000000e-05  0.000000000e+00  5.590000000e-05  0.000000000e+00  7.260000000e-05  9.325000000e-03  8.520000000e-05  9.236890000e-01  9.960000000e-05  9.030050000e-01  1.096000000e-04  0.000000000e+00
  4.690000000e-05  0.000000000e+00  5.600000000e-05  0.000000000e+00  7.270000000e-05  4.817000000e-03  8.530000000e-05  8.834860000e-01  9.970000000e-05  8.693750000e-01  1.097000000e-04  0.000000000e+00
  4.700000000e-05  0.000000000e+00  5.610000000e-05  0.000000000e+00  7.280000000e-05  2.643000000e-03  8.540000000e-05  8.170250000e-01  9.980000000e-05  8.203390000e-01  1.098000000e-04  0.000000000e+00
  4.710000000e-05  0.000000000e+00  5.620000000e-05  0.000000000e+00  7.290000000e-05  1.585000000e-03  8.550000000e-05  7.250380000e-01  9.990000000e-05  7.544110000e-01  1.099000000e-04  0.000000000e+00
  4.720000000e-05  0.000000000e+00  5.630000000e-05  0.000000000e+00  7.300000000e-05  1.038000000e-03  8.560000000e-05  6.133460000e-01  1.000000000e-04  6.728030000e-01  1.100000000e-04  0.000000000e+00
  4.730000000e-05  0.000000000e+00  5.640000000e-05  0.000000000e+00  7.310000000e-05  7.390000000e-04  8.570000000e-05  4.921190000e-01  1.001000000e-04  5.796490000e-01  1.101000000e-04  0.000000000e+00
  4.740000000e-05  0.000000000e+00  5.650000000e-05  0.000000000e+00  7.320000000e-05  5.510000000e-04  8.580000000e-05  3.741060000e-01  1.002000000e-04  4.808350000e-01  1.102000000e-04  0.000000000e+00
  4.750000000e-05  0.000000000e+00  5.660000000e-05  0.000000000e+00  7.330000000e-05  0.000000000e+00  8.590000000e-05  2.704750000e-01  1.003000000e-04  3.831780000e-01  1.103000000e-04  0.000000000e+00
  4.760000000e-05  0.000000000e+00  5.670000000e-05  0.000000000e+00  7.340000000e-05  0.000000000e+00  8.600000000e-05  1.871490000e-01  1.004000000e-04  2.936550000e-01  1.104000000e-04  0.000000000e+00
  4.770000000e-05  0.000000000e+00  5.680000000e-05  0.000000000e+00  7.350000000e-05  0.000000000e+00  8.610000000e-05  1.255370000e-01  1.005000000e-04  2.169530000e-01  1.105000000e-04  0.000000000e+00
  4.780000000e-05  0.000000000e+00  5.690000000e-05  0.000000000e+00  7.360000000e-05  0.000000000e+00  8.620000000e-05  8.334100000e-02  1.006000000e-04  1.554450000e-01  1.106000000e-04  0.000000000e+00
  4.790000000e-05  0.000000000e+00  5.700000000e-05  0.000000000e+00  7.370000000e-05  0.000000000e+00  8.630000000e-05  5.607700000e-02  1.007000000e-04  1.091230000e-01  1.107000000e-04  0.000000000e+00
  4.800000000e-05  0.000000000e+00  5.710000000e-05  0.000000000e+00  7.380000000e-05  0.000000000e+00  8.640000000e-05  3.857500000e-02  1.008000000e-04  7.596000000e-02  1.108000000e-04  0.000000000e+00
  4.810000000e-05  0.000000000e+00  5.720000000e-05  0.000000000e+00  7.390000000e-05  0.000000000e+00  8.650000000e-05  2.771200000e-02  1.009000000e-04  5.319500000e-02  1.109000000e-04  0.000000000e+00
  4.820000000e-05  0.000000000e+00  5.730000000e-05  0.000000000e+00  7.400000000e-05  0.000000000e+00  8.660000000e-05  2.111100000e-02  1.010000000e-04  3.804000000e-02  1.110000000e-04  0.000000000e+00
  4.830000000e-05  0.000000000e+00  5.740000000e-05  0.000000000e+00  7.410000000e-05  0.000000000e+00  8.670000000e-05  1.678500000e-02  1.011000000e-04  2.811300000e-02  1.111000000e-04  0.000000000e+00
  4.840000000e-05  0.000000000e+00  5.750000000e-05  0.000000000e+00  7.420000000e-05  0.000000000e+00  8.680000000e-05  1.388500000e-02  1.012000000e-04  2.159600000e-02  1.112000000e-04  0.000000000e+00
  4.850000000e-05  0.000000000e+00  5.760000000e-05  0.000000000e+00  7.430000000e-05  0.000000000e+00  8.690000000e-05  1.196800000e-02  1.013000000e-04  1.715900000e-02  1.113000000e-04  0.000000000e+00
  4.860000000e-05  0.000000000e+00  5.770000000e-05  0.000000000e+00  7.440000000e-05  0.000000000e+00  8.700000000e-05  1.050700000e-02  1.014000000e-04  1.412200000e-02  1.114000000e-04  0.000000000e+00
  4.870000000e-05  0.000000000e+00  5.780000000e-05  0.000000000e+00  7.450000000e-05  0.000000000e+00  8.710000000e-05  9.244000000e-03  1.015000000e-04  1.201200000e-02  1.115000000e-04  0.000000000e+00
  4.880000000e-05  0.000000000e+00  5.790000000e-05  0.000000000e+00  7.460000000e-05  0.000000000e+00  8.720000000e-05  8.404000000e-03  1.016000000e-04  1.050600000e-02  1.116000000e-04  0.000000000e+00
  4.890000000e-05  0.000000000e+00  5.800000000e-05  0.000000000e+00  7.470000000e-05  0.000000000e+00  8.730000000e-05  7.908000000e-03  1.017000000e-04  9.352000000e-03  1.117000000e-04  0.000000000e+00
  4.900000000e-05  0.000000000e+00  5.810000000e-05  0.000000000e+00  7.480000000e-05  0.000000000e+00  8.740000000e-05  7.303000000e-03  1.018000000e-04  8.432000000e-03  1.118000000e-04  0.000000000e+00
  4.910000000e-05  0.000000000e+00  5.820000000e-05  0.000000000e+00  7.490000000e-05  0.000000000e+00  8.750000000e-05  6.618000000e-03  1.019000000e-04  7.694000000e-03  1.119000000e-04  0.000000000e+00
  4.920000000e-05  0.000000000e+00  5.830000000e-05  0.000000000e+00  7.500000000e-05  0.000000000e+00  8.760000000e-05  6.138000000e-03  1.020000000e-04  7.130000000e-03  1.120000000e-04  0.000000000e+00
  4.930000000e-05  0.000000000e+00  5.840000000e-05  0.000000000e+00  7.510000000e-05  0.000000000e+00  8.770000000e-05  4.463000000e-03  1.021000000e-04  6.720000000e-03  1.121000000e-04  0.000000000e+00
  4.940000000e-05  0.000000000e+00  5.850000000e-05  0.000000000e+00  7.520000000e-05  0.000000000e+00  8.780000000e-05  3.041000000e-03  1.022000000e-04  5.127000000e-03  1.122000000e-04  0.000000000e+00
  4.950000000e-05  0.000000000e+00  5.860000000e-05  0.000000000e+00  7.530000000e-05  0.000000000e+00  8.790000000e-05  2.100000000e-03  1.023000000e-04  3.176000000e-03  1.123000000e-04  0.000000000e+00
  4.960000000e-05  0.000000000e+00  5.870000000e-05  0.000000000e+00  7.540000000e-05  0.000000000e+00  8.800000000e-05  1.480000000e-03  1.024000000e-04  1.929000000e-03  1.124000000e-04  0.000000000e+00
  4.970000000e-05  0.000000000e+00  5.880000000e-05  0.000000000e+00  7.550000000e-05  0.000000000e+00  8.810000000e-05  1.062000000e-03  1.025000000e-04  1.085000000e-03  1.125000000e-04  0.000000000e+00
  4.980000000e-05  0.000000000e+00  5.890000000e-05  0.000000000e+00  7.560000000e-05  0.000000000e+00  8.820000000e-05  7.800000000e-04  1.026000000e-04  5.340000000e-04  1.126000000e-04  0.000000000e+00
  4.990000000e-05  0.000000000e+00  5.900000000e-05  0.000000000e+00  7.570000000e-05  0.000000000e+00  8.830000000e-05  5.710000000e-04  1.027000000e-04  0.000000000e+00  1.127000000e-04  0.000000000e+00
  5.000000000e-05  0.000000000e+00  5.910000000e-05  0.000000000e+00  7.580000000e-05  0.000000000e+00  8.840000000e-05  0.000000000e+00  1.028000000e-04  0.000000000e+00  1.128000000e-04  0.000000000e+00
