http://svo2.cab.inta-csic.es/svo/theory/fps/index.php?mode=browse&gname=SLOAN&asttype=
CTIO_ANDICAM.B_YALO.dat  CTIO_ANDICAM.V_KPNO.dat  CTIO_ANDICAM.R_KPNO.dat  CTIO_ANDICAM.I_KPNO.dat  CTIO_ANDICAM.J.dat  CTIO_ANDICAM.H.dat  CTIO_ANDICAM.K.dat  
min(wavelength)/cm and max(wavelength)/cm:
  3.639000000e-05  4.786200000e-05  5.683400000e-05  7.191700000e-05  1.145000000e-04  1.450000000e-04  1.956000000e-04
  5.051000000e-05  6.302500000e-05  7.610900000e-05  9.745100000e-05  1.349000000e-04  1.811000000e-04  2.317000000e-04
(wavelength and transmission)*7 bands:
362
  3.639000000e-05  5.730000000e-03  4.786200000e-05  2.935800000e-02  5.683400000e-05  9.160000000e-03  7.191700000e-05  5.053100000e-02  1.145000000e-04  4.190000000e-03  1.450000000e-04  4.394000000e-03  1.956000000e-04  5.160000000e-03
  3.655000000e-05  1.559000000e-02  4.845800000e-05  2.048990000e-01  5.796600000e-05  1.064720000e-01  7.266300000e-05  1.611340000e-01  1.146000000e-04  5.720000000e-03  1.451000000e-04  4.910000000e-03  1.957000000e-04  7.100000000e-03
  3.679000000e-05  2.541000000e-02  4.920100000e-05  4.072960000e-01  5.907400000e-05  4.493650000e-01  7.324100000e-05  2.792470000e-01  1.147000000e-04  6.900000000e-03  1.452000000e-04  5.433000000e-03  1.958000000e-04  8.150000000e-03
  3.690000000e-05  3.529000000e-02  4.980700000e-05  5.717460000e-01  5.981500000e-05  7.291280000e-01  7.396100000e-05  5.074680000e-01  1.148000000e-04  8.770000000e-03  1.453000000e-04  6.161000000e-03  1.959000000e-04  8.640000000e-03
  3.702000000e-05  4.916000000e-02  5.000100000e-05  6.097380000e-01  6.033600000e-05  8.019140000e-01  7.504400000e-05  7.381880000e-01  1.149000000e-04  1.318000000e-02  1.454000000e-04  7.300000000e-03  1.960000000e-04  9.280000000e-03
  3.714000000e-05  6.702000000e-02  5.110700000e-05  6.802300000e-01  6.075800000e-05  8.600450000e-01  7.604800000e-05  8.122520000e-01  1.150000000e-04  1.966000000e-02  1.455000000e-04  9.067000000e-03  1.961000000e-04  1.011000000e-02
  3.730000000e-05  7.887000000e-02  5.202200000e-05  6.910370000e-01  6.178900000e-05  8.913670000e-01  7.694300000e-05  8.202510000e-01  1.151000000e-04  2.359000000e-02  1.456000000e-04  1.172000000e-02  1.962000000e-04  1.097000000e-02
  3.746000000e-05  9.869000000e-02  5.302800000e-05  7.276450000e-01  6.276800000e-05  8.909520000e-01  7.801100000e-05  8.507710000e-01  1.152000000e-04  2.676000000e-02  1.457000000e-04  1.536400000e-02  1.963000000e-04  1.198000000e-02
  3.766000000e-05  1.483700000e-01  5.410300000e-05  7.708680000e-01  6.383700000e-05  9.117280000e-01  7.916900000e-05  8.497580000e-01  1.153000000e-04  3.348000000e-02  1.458000000e-04  1.943000000e-02  1.964000000e-04  1.317000000e-02
  3.782000000e-05  1.582300000e-01  5.497400000e-05  7.690260000e-01  6.480300000e-05  9.203640000e-01  8.109400000e-05  8.122010000e-01  1.154000000e-04  4.458000000e-02  1.459000000e-04  2.333100000e-02  1.965000000e-04  1.427000000e-02
  3.794000000e-05  1.621400000e-01  5.607100000e-05  7.143840000e-01  6.572300000e-05  8.751220000e-01  8.208100000e-05  8.016810000e-01  1.155000000e-04  5.793000000e-02  1.460000000e-04  2.705900000e-02  1.966000000e-04  1.517000000e-02
  3.805000000e-05  1.720300000e-01  5.708300000e-05  6.087180000e-01  6.639500000e-05  8.901220000e-01  8.413400000e-05  8.021610000e-01  1.156000000e-04  7.086000000e-02  1.461000000e-04  3.075000000e-02  1.967000000e-04  1.693000000e-02
  3.814000000e-05  1.978700000e-01  5.804500000e-05  5.923160000e-01  6.699200000e-05  9.070910000e-01  8.526100000e-05  7.616090000e-01  1.157000000e-04  9.261000000e-02  1.462000000e-04  3.469000000e-02  1.968000000e-04  1.998000000e-02
  3.830000000e-05  2.495700000e-01  5.854300000e-05  6.345820000e-01  6.778400000e-05  9.206550000e-01  8.624700000e-05  7.430810000e-01  1.158000000e-04  1.179900000e-01  1.463000000e-04  3.976100000e-02  1.969000000e-04  2.207000000e-02
  3.838000000e-05  2.973200000e-01  5.903100000e-05  6.869310000e-01  6.840600000e-05  8.847950000e-01  8.753600000e-05  6.654900000e-01  1.160000000e-04  1.550400000e-01  1.464000000e-04  4.699000000e-02  1.970000000e-04  2.365000000e-02
  3.850000000e-05  3.311100000e-01  5.997900000e-05  6.069470000e-01  6.904800000e-05  8.509600000e-01  8.830200000e-05  6.339510000e-01  1.161000000e-04  2.008500000e-01  1.465000000e-04  5.711600000e-02  1.971000000e-04  2.573000000e-02
  3.858000000e-05  3.370400000e-01  6.062000000e-05  3.344910000e-01  6.975000000e-05  8.257170000e-01  8.931600000e-05  6.319390000e-01  1.162000000e-04  2.441700000e-01  1.466000000e-04  6.970000000e-02  1.972000000e-04  2.820000000e-02
  3.866000000e-05  3.350000000e-01  6.092100000e-05  1.879050000e-01  7.078100000e-05  8.394250000e-01  9.018600000e-05  6.399380000e-01  1.163000000e-04  3.254900000e-01  1.467000000e-04  8.382300000e-02  1.973000000e-04  3.080000000e-02
  3.878000000e-05  3.309400000e-01  6.100100000e-05  1.077460000e-01  7.140900000e-05  7.109670000e-01  9.133200000e-05  5.708580000e-01  1.164000000e-04  3.786900000e-01  1.468000000e-04  9.778000000e-02  1.974000000e-04  3.408000000e-02
  3.886000000e-05  3.368700000e-01  6.198500000e-05  3.132000000e-02  7.288400000e-05  3.107500000e-01  9.245000000e-05  3.581340000e-01  1.165000000e-04  4.249300000e-01  1.469000000e-04  1.101400000e-01  1.975000000e-04  3.828000000e-02
  3.894000000e-05  3.487700000e-01  6.302500000e-05  1.397000000e-02  7.399400000e-05  1.080990000e-01  9.341100000e-05  2.114770000e-01  1.166000000e-04  5.744700000e-01  1.470000000e-04  1.213430000e-01  1.976000000e-04  4.195000000e-02
  3.902000000e-05  3.786000000e-01  6.406500000e-05  0.000000000e+00  7.490900000e-05  3.215400000e-02  9.447400000e-05  8.784300000e-02  1.167000000e-04  6.113500000e-01  1.471000000e-04  1.322900000e-01  1.977000000e-04  4.478000000e-02
  3.906000000e-05  3.984900000e-01  6.510500000e-05  0.000000000e+00  7.610900000e-05  8.722000000e-03  9.535900000e-05  4.379000000e-02  1.168000000e-04  7.256200000e-01  1.472000000e-04  1.440240000e-01  1.978000000e-04  5.293000000e-02
  3.918000000e-05  4.482200000e-01  6.614500000e-05  0.000000000e+00  7.730900000e-05  0.000000000e+00  9.663200000e-05  1.324700000e-02  1.169000000e-04  7.822300000e-01  1.473000000e-04  1.581230000e-01  1.979000000e-04  6.929000000e-02
  3.927000000e-05  4.999600000e-01  6.718500000e-05  0.000000000e+00  7.850900000e-05  0.000000000e+00  9.745100000e-05  4.230000000e-03  1.170000000e-04  7.959000000e-01  1.474000000e-04  1.763000000e-01  1.980000000e-04  8.170000000e-02
  3.939000000e-05  5.257800000e-01  6.822500000e-05  0.000000000e+00  7.970900000e-05  0.000000000e+00  9.827000000e-05  0.000000000e+00  1.171000000e-04  8.458400000e-01  1.475000000e-04  1.998430000e-01  1.981000000e-04  9.094000000e-02
  3.947000000e-05  5.297200000e-01  6.926500000e-05  0.000000000e+00  8.090900000e-05  0.000000000e+00  9.908900000e-05  0.000000000e+00  1.172000000e-04  8.370700000e-01  1.476000000e-04  2.283000000e-01  1.982000000e-04  1.013700000e-01
  3.958000000e-05  5.196800000e-01  7.030500000e-05  0.000000000e+00  8.210900000e-05  0.000000000e+00  9.990800000e-05  0.000000000e+00  1.173000000e-04  8.172100000e-01  1.477000000e-04  2.602520000e-01  1.983000000e-04  1.141900000e-01
  3.974000000e-05  5.136100000e-01  7.134500000e-05  0.000000000e+00  8.330900000e-05  0.000000000e+00  1.007270000e-04  0.000000000e+00  1.174000000e-04  8.068800000e-01  1.478000000e-04  2.920800000e-01  1.984000000e-04  1.298100000e-01
  3.990000000e-05  5.234700000e-01  7.238500000e-05  0.000000000e+00  8.450900000e-05  0.000000000e+00  1.015460000e-04  0.000000000e+00  1.175000000e-04  7.950400000e-01  1.479000000e-04  3.202530000e-01  1.985000000e-04  1.489900000e-01
  3.998000000e-05  5.473300000e-01  7.342500000e-05  0.000000000e+00  8.570900000e-05  0.000000000e+00  1.023650000e-04  0.000000000e+00  1.176000000e-04  7.884200000e-01  1.480000000e-04  3.438040000e-01  1.986000000e-04  1.710300000e-01
  4.006000000e-05  5.811400000e-01  7.446500000e-05  0.000000000e+00  8.690900000e-05  0.000000000e+00  1.031840000e-04  0.000000000e+00  1.177000000e-04  7.863100000e-01  1.481000000e-04  3.623920000e-01  1.987000000e-04  1.893100000e-01
  4.014000000e-05  5.990200000e-01  7.550500000e-05  0.000000000e+00  8.810900000e-05  0.000000000e+00  1.040030000e-04  0.000000000e+00  1.178000000e-04  7.862100000e-01  1.482000000e-04  3.769020000e-01  1.988000000e-04  2.020900000e-01
  4.026000000e-05  6.487400000e-01  7.654500000e-05  0.000000000e+00  8.930900000e-05  0.000000000e+00  1.048220000e-04  0.000000000e+00  1.179000000e-04  7.867300000e-01  1.483000000e-04  3.931140000e-01  1.989000000e-04  2.331800000e-01
  4.042000000e-05  6.785200000e-01  7.758500000e-05  0.000000000e+00  9.050900000e-05  0.000000000e+00  1.056410000e-04  0.000000000e+00  1.180000000e-04  7.887200000e-01  1.484000000e-04  4.180200000e-01  1.990000000e-04  2.937400000e-01
  4.054000000e-05  6.983700000e-01  7.862500000e-05  0.000000000e+00  9.170900000e-05  0.000000000e+00  1.064600000e-04  0.000000000e+00  1.181000000e-04  7.938300000e-01  1.485000000e-04  4.562390000e-01  1.991000000e-04  3.365200000e-01
  4.058000000e-05  6.983400000e-01  7.966500000e-05  0.000000000e+00  9.290900000e-05  0.000000000e+00  1.072790000e-04  0.000000000e+00  1.182000000e-04  7.990500000e-01  1.486000000e-04  5.028360000e-01  1.992000000e-04  3.657300000e-01
  4.074000000e-05  7.181700000e-01  8.070500000e-05  0.000000000e+00  9.410900000e-05  0.000000000e+00  1.080980000e-04  0.000000000e+00  1.183000000e-04  8.014000000e-01  1.487000000e-04  5.505510000e-01  1.993000000e-04  3.985400000e-01
  4.098000000e-05  7.339500000e-01  8.174500000e-05  0.000000000e+00  9.530900000e-05  0.000000000e+00  1.089170000e-04  0.000000000e+00  1.184000000e-04  8.058700000e-01  1.488000000e-04  5.924000000e-01  1.994000000e-04  4.336600000e-01
  4.113000000e-05  7.497900000e-01  8.278500000e-05  0.000000000e+00  9.650900000e-05  0.000000000e+00  1.097360000e-04  0.000000000e+00  1.185000000e-04  8.130800000e-01  1.489000000e-04  6.233510000e-01  1.995000000e-04  4.667400000e-01
  4.157000000e-05  7.813900000e-01  8.382500000e-05  0.000000000e+00  9.770900000e-05  0.000000000e+00  1.105550000e-04  0.000000000e+00  1.186000000e-04  8.159300000e-01  1.490000000e-04  6.460340000e-01  1.996000000e-04  4.997900000e-01
  4.165000000e-05  7.853300000e-01  8.486500000e-05  0.000000000e+00  9.890900000e-05  0.000000000e+00  1.113740000e-04  0.000000000e+00  1.187000000e-04  8.162900000e-01  1.491000000e-04  6.649800000e-01  1.997000000e-04  5.341600000e-01
  4.200000000e-05  7.930800000e-01  8.590500000e-05  0.000000000e+00  1.001090000e-04  0.000000000e+00  1.121930000e-04  0.000000000e+00  1.189000000e-04  8.174900000e-01  1.492000000e-04  6.841990000e-01  1.998000000e-04  5.624900000e-01
  4.239000000e-05  8.127500000e-01  8.694500000e-05  0.000000000e+00  1.013090000e-04  0.000000000e+00  1.130120000e-04  0.000000000e+00  1.190000000e-04  8.180000000e-01  1.493000000e-04  7.056230000e-01  1.999000000e-04  5.817100000e-01
  4.255000000e-05  8.186300000e-01  8.798500000e-05  0.000000000e+00  1.025090000e-04  0.000000000e+00  1.138310000e-04  0.000000000e+00  1.191000000e-04  8.170100000e-01  1.494000000e-04  7.306500000e-01  2.000000000e-04  6.147400000e-01
  4.278000000e-05  8.125100000e-01  8.902500000e-05  0.000000000e+00  1.037090000e-04  0.000000000e+00  1.146500000e-04  0.000000000e+00  1.192000000e-04  8.164600000e-01  1.495000000e-04  7.597520000e-01  2.001000000e-04  6.705600000e-01
  4.298000000e-05  8.044200000e-01  9.006500000e-05  0.000000000e+00  1.049090000e-04  0.000000000e+00  1.154690000e-04  0.000000000e+00  1.193000000e-04  8.173600000e-01  1.496000000e-04  7.896300000e-01  2.002000000e-04  6.971000000e-01
  4.322000000e-05  8.122400000e-01  9.110500000e-05  0.000000000e+00  1.061090000e-04  0.000000000e+00  1.162880000e-04  0.000000000e+00  1.194000000e-04  8.185500000e-01  1.497000000e-04  8.160870000e-01  2.003000000e-04  7.050700000e-01
  4.337000000e-05  8.300700000e-01  9.214500000e-05  0.000000000e+00  1.073090000e-04  0.000000000e+00  1.171070000e-04  0.000000000e+00  1.195000000e-04  8.193400000e-01  1.498000000e-04  8.351000000e-01  2.004000000e-04  7.192400000e-01
  4.349000000e-05  8.459300000e-01  9.318500000e-05  0.000000000e+00  1.085090000e-04  0.000000000e+00  1.179260000e-04  0.000000000e+00  1.196000000e-04  8.205000000e-01  1.499000000e-04  8.441270000e-01  2.005000000e-04  7.377100000e-01
  4.369000000e-05  8.597500000e-01  9.422500000e-05  0.000000000e+00  1.097090000e-04  0.000000000e+00  1.187450000e-04  0.000000000e+00  1.197000000e-04  8.236300000e-01  1.500000000e-04  8.464500000e-01  2.006000000e-04  7.532800000e-01
  4.396000000e-05  8.595800000e-01  9.526500000e-05  0.000000000e+00  1.109090000e-04  0.000000000e+00  1.195640000e-04  0.000000000e+00  1.198000000e-04  8.305600000e-01  1.501000000e-04  8.468000000e-01  2.007000000e-04  7.644600000e-01
  4.412000000e-05  8.555000000e-01  9.630500000e-05  0.000000000e+00  1.121090000e-04  0.000000000e+00  1.203830000e-04  0.000000000e+00  1.199000000e-04  8.356500000e-01  1.502000000e-04  8.488880000e-01  2.008000000e-04  7.714300000e-01
  4.439000000e-05  8.593200000e-01  9.734500000e-05  0.000000000e+00  1.133090000e-04  0.000000000e+00  1.212020000e-04  0.000000000e+00  1.200000000e-04  8.377500000e-01  1.503000000e-04  8.523350000e-01  2.009000000e-04  7.755000000e-01
  4.467000000e-05  8.730900000e-01  9.838500000e-05  0.000000000e+00  1.145090000e-04  0.000000000e+00  1.220210000e-04  0.000000000e+00  1.201000000e-04  8.488600000e-01  1.504000000e-04  8.557400000e-01  2.010000000e-04  7.792800000e-01
  4.487000000e-05  8.789400000e-01  9.942500000e-05  0.000000000e+00  1.157090000e-04  0.000000000e+00  1.228400000e-04  0.000000000e+00  1.202000000e-04  8.606100000e-01  1.505000000e-04  8.579290000e-01  2.011000000e-04  7.897700000e-01
  4.510000000e-05  8.788000000e-01  1.004650000e-04  0.000000000e+00  1.169090000e-04  0.000000000e+00  1.236590000e-04  0.000000000e+00  1.203000000e-04  8.630800000e-01  1.506000000e-04  8.586300000e-01  2.012000000e-04  8.089500000e-01
  4.541000000e-05  8.686400000e-01  1.015050000e-04  0.000000000e+00  1.181090000e-04  0.000000000e+00  1.244780000e-04  0.000000000e+00  1.204000000e-04  8.663500000e-01  1.507000000e-04  8.579480000e-01  2.013000000e-04  8.207000000e-01
  4.565000000e-05  8.645100000e-01  1.025450000e-04  0.000000000e+00  1.193090000e-04  0.000000000e+00  1.252970000e-04  0.000000000e+00  1.205000000e-04  8.694500000e-01  1.508000000e-04  8.565800000e-01  2.014000000e-04  8.271100000e-01
  4.588000000e-05  8.703400000e-01  1.035850000e-04  0.000000000e+00  1.205090000e-04  0.000000000e+00  1.261160000e-04  0.000000000e+00  1.206000000e-04  8.710800000e-01  1.509000000e-04  8.552250000e-01  2.015000000e-04  8.345500000e-01
  4.600000000e-05  8.782400000e-01  1.046250000e-04  0.000000000e+00  1.217090000e-04  0.000000000e+00  1.269350000e-04  0.000000000e+00  1.207000000e-04  8.724100000e-01  1.510000000e-04  8.539920000e-01  2.016000000e-04  8.424800000e-01
  4.632000000e-05  8.939800000e-01  1.056650000e-04  0.000000000e+00  1.229090000e-04  0.000000000e+00  1.277540000e-04  0.000000000e+00  1.208000000e-04  8.726400000e-01  1.511000000e-04  8.528400000e-01  2.017000000e-04  8.491000000e-01
  4.647000000e-05  8.899000000e-01  1.067050000e-04  0.000000000e+00  1.241090000e-04  0.000000000e+00  1.285730000e-04  0.000000000e+00  1.209000000e-04  8.689800000e-01  1.512000000e-04  8.517530000e-01  2.018000000e-04  8.547300000e-01
  4.663000000e-05  8.778500000e-01  1.077450000e-04  0.000000000e+00  1.253090000e-04  0.000000000e+00  1.293920000e-04  0.000000000e+00  1.210000000e-04  8.629100000e-01  1.513000000e-04  8.508090000e-01  2.019000000e-04  8.599000000e-01
  4.682000000e-05  8.637800000e-01  1.087850000e-04  0.000000000e+00  1.265090000e-04  0.000000000e+00  1.302110000e-04  0.000000000e+00  1.211000000e-04  8.575800000e-01  1.514000000e-04  8.501100000e-01  2.020000000e-04  8.642000000e-01
  4.701000000e-05  8.457300000e-01  1.098250000e-04  0.000000000e+00  1.277090000e-04  0.000000000e+00  1.310300000e-04  0.000000000e+00  1.212000000e-04  8.533000000e-01  1.515000000e-04  8.498440000e-01  2.021000000e-04  8.674400000e-01
  4.709000000e-05  8.436900000e-01  1.108650000e-04  0.000000000e+00  1.289090000e-04  0.000000000e+00  1.318490000e-04  0.000000000e+00  1.213000000e-04  8.483900000e-01  1.516000000e-04  8.505400000e-01  2.022000000e-04  8.714200000e-01
  4.733000000e-05  8.515100000e-01  1.119050000e-04  0.000000000e+00  1.301090000e-04  0.000000000e+00  1.326680000e-04  0.000000000e+00  1.214000000e-04  8.408200000e-01  1.517000000e-04  8.525430000e-01  2.023000000e-04  8.768100000e-01
  4.753000000e-05  8.733000000e-01  1.129450000e-04  0.000000000e+00  1.313090000e-04  0.000000000e+00  1.334870000e-04  0.000000000e+00  1.215000000e-04  8.335800000e-01  1.518000000e-04  8.551100000e-01  2.024000000e-04  8.796500000e-01
  4.756000000e-05  8.752700000e-01  1.139850000e-04  0.000000000e+00  1.325090000e-04  0.000000000e+00  1.343060000e-04  0.000000000e+00  1.216000000e-04  8.281900000e-01  1.519000000e-04  8.575100000e-01  2.025000000e-04  8.807900000e-01
  4.768000000e-05  8.931200000e-01  1.150250000e-04  0.000000000e+00  1.337090000e-04  0.000000000e+00  1.351250000e-04  0.000000000e+00  1.217000000e-04  8.233200000e-01  1.520000000e-04  8.601370000e-01  2.026000000e-04  8.821500000e-01
  4.788000000e-05  9.009700000e-01  1.160650000e-04  0.000000000e+00  1.349090000e-04  0.000000000e+00  1.359440000e-04  0.000000000e+00  1.219000000e-04  8.197200000e-01  1.521000000e-04  8.636700000e-01  2.027000000e-04  8.836300000e-01
  4.804000000e-05  8.929100000e-01  1.171050000e-04  0.000000000e+00  1.361090000e-04  0.000000000e+00  1.367630000e-04  0.000000000e+00  1.220000000e-04  8.184300000e-01  1.522000000e-04  8.683790000e-01  2.028000000e-04  8.846900000e-01
  4.819000000e-05  8.768700000e-01  1.181450000e-04  0.000000000e+00  1.373090000e-04  0.000000000e+00  1.375820000e-04  0.000000000e+00  1.221000000e-04  8.180000000e-01  1.523000000e-04  8.729200000e-01  2.029000000e-04  8.853800000e-01
  4.830000000e-05  8.429400000e-01  1.191850000e-04  0.000000000e+00  1.385090000e-04  0.000000000e+00  1.384010000e-04  0.000000000e+00  1.222000000e-04  8.173500000e-01  1.524000000e-04  8.759840000e-01  2.030000000e-04  8.858200000e-01
  4.842000000e-05  7.930700000e-01  1.202250000e-04  0.000000000e+00  1.397090000e-04  0.000000000e+00  1.392200000e-04  0.000000000e+00  1.223000000e-04  8.176500000e-01  1.525000000e-04  8.780330000e-01  2.031000000e-04  8.860800000e-01
  4.849000000e-05  7.432200000e-01  1.212650000e-04  0.000000000e+00  1.409090000e-04  0.000000000e+00  1.400390000e-04  0.000000000e+00  1.224000000e-04  8.194100000e-01  1.526000000e-04  8.799700000e-01  2.032000000e-04  8.861800000e-01
  4.852000000e-05  6.934000000e-01  1.223050000e-04  0.000000000e+00  1.421090000e-04  0.000000000e+00  1.408580000e-04  0.000000000e+00  1.225000000e-04  8.217200000e-01  1.527000000e-04  8.823950000e-01  2.033000000e-04  8.860600000e-01
  4.859000000e-05  6.435500000e-01  1.233450000e-04  0.000000000e+00  1.433090000e-04  0.000000000e+00  1.416770000e-04  0.000000000e+00  1.226000000e-04  8.244700000e-01  1.528000000e-04  8.846900000e-01  2.034000000e-04  8.857400000e-01
  4.863000000e-05  5.937300000e-01  1.243850000e-04  0.000000000e+00  1.445090000e-04  0.000000000e+00  1.424960000e-04  0.000000000e+00  1.227000000e-04  8.288000000e-01  1.529000000e-04  8.861410000e-01  2.035000000e-04  8.855600000e-01
  4.866000000e-05  5.439100000e-01  1.254250000e-04  0.000000000e+00  1.457090000e-04  0.000000000e+00  1.433150000e-04  0.000000000e+00  1.228000000e-04  8.338500000e-01  1.530000000e-04  8.868750000e-01  2.036000000e-04  8.855200000e-01
  4.869000000e-05  4.940900000e-01  1.264650000e-04  0.000000000e+00  1.469090000e-04  0.000000000e+00  1.441340000e-04  0.000000000e+00  1.229000000e-04  8.376300000e-01  1.531000000e-04  8.872300000e-01  2.037000000e-04  8.854900000e-01
  4.877000000e-05  4.442400000e-01  1.275050000e-04  0.000000000e+00  1.481090000e-04  0.000000000e+00  1.449530000e-04  0.000000000e+00  1.230000000e-04  8.419500000e-01  1.532000000e-04  8.874740000e-01  2.038000000e-04  8.855600000e-01
  4.880000000e-05  3.944200000e-01  1.285450000e-04  0.000000000e+00  1.493090000e-04  0.000000000e+00  1.457720000e-04  0.000000000e+00  1.231000000e-04  8.475700000e-01  1.533000000e-04  8.876000000e-01  2.039000000e-04  8.857700000e-01
  4.887000000e-05  3.445800000e-01  1.295850000e-04  0.000000000e+00  1.505090000e-04  0.000000000e+00  1.465910000e-04  0.000000000e+00  1.232000000e-04  8.520600000e-01  1.534000000e-04  8.875030000e-01  2.040000000e-04  8.859600000e-01
  4.891000000e-05  2.947600000e-01  1.306250000e-04  0.000000000e+00  1.517090000e-04  0.000000000e+00  1.474100000e-04  0.000000000e+00  1.233000000e-04  8.546700000e-01  1.535000000e-04  8.869780000e-01  2.041000000e-04  8.861000000e-01
  4.898000000e-05  2.469000000e-01  1.316650000e-04  0.000000000e+00  1.529090000e-04  0.000000000e+00  1.482290000e-04  0.000000000e+00  1.234000000e-04  8.562400000e-01  1.536000000e-04  8.857900000e-01  2.042000000e-04  8.869300000e-01
  4.905000000e-05  1.970600000e-01  1.327050000e-04  0.000000000e+00  1.541090000e-04  0.000000000e+00  1.490480000e-04  0.000000000e+00  1.235000000e-04  8.569600000e-01  1.537000000e-04  8.838660000e-01  2.043000000e-04  8.888100000e-01
  4.916000000e-05  1.471900000e-01  1.337450000e-04  0.000000000e+00  1.553090000e-04  0.000000000e+00  1.498670000e-04  0.000000000e+00  1.236000000e-04  8.569000000e-01  1.538000000e-04  8.817700000e-01  2.044000000e-04  8.904000000e-01
  4.931000000e-05  9.729000000e-02  1.347850000e-04  0.000000000e+00  1.565090000e-04  0.000000000e+00  1.506860000e-04  0.000000000e+00  1.237000000e-04  8.571800000e-01  1.539000000e-04  8.800200000e-01  2.045000000e-04  8.919500000e-01
  4.943000000e-05  7.531000000e-02  1.358250000e-04  0.000000000e+00  1.577090000e-04  0.000000000e+00  1.515050000e-04  0.000000000e+00  1.238000000e-04  8.584000000e-01  1.540000000e-04  8.783250000e-01  2.046000000e-04  8.940100000e-01
  4.958000000e-05  6.127000000e-02  1.368650000e-04  0.000000000e+00  1.589090000e-04  0.000000000e+00  1.523240000e-04  0.000000000e+00  1.239000000e-04  8.588800000e-01  1.541000000e-04  8.761900000e-01  2.047000000e-04  8.965300000e-01
  4.970000000e-05  4.924000000e-02  1.379050000e-04  0.000000000e+00  1.601090000e-04  0.000000000e+00  1.531430000e-04  0.000000000e+00  1.240000000e-04  8.575200000e-01  1.542000000e-04  8.733730000e-01  2.048000000e-04  8.993100000e-01
  4.981000000e-05  3.722000000e-02  1.389450000e-04  0.000000000e+00  1.613090000e-04  0.000000000e+00  1.539620000e-04  0.000000000e+00  1.241000000e-04  8.562300000e-01  1.543000000e-04  8.706300000e-01  2.049000000e-04  9.025100000e-01
  5.001000000e-05  2.514000000e-02  1.399850000e-04  0.000000000e+00  1.625090000e-04  0.000000000e+00  1.547810000e-04  0.000000000e+00  1.242000000e-04  8.562700000e-01  1.544000000e-04  8.687220000e-01  2.050000000e-04  9.061700000e-01
  5.020000000e-05  1.307000000e-02  1.410250000e-04  0.000000000e+00  1.637090000e-04  0.000000000e+00  1.556000000e-04  0.000000000e+00  1.243000000e-04  8.567600000e-01  1.545000000e-04  8.674240000e-01  2.051000000e-04  9.096500000e-01
  5.051000000e-05  4.910000000e-03  1.420650000e-04  0.000000000e+00  1.649090000e-04  0.000000000e+00  1.564190000e-04  0.000000000e+00  1.244000000e-04  8.569000000e-01  1.546000000e-04  8.662600000e-01  2.052000000e-04  9.126200000e-01
  5.082000000e-05  0.000000000e+00  1.431050000e-04  0.000000000e+00  1.661090000e-04  0.000000000e+00  1.572380000e-04  0.000000000e+00  1.245000000e-04  8.563200000e-01  1.547000000e-04  8.649160000e-01  2.053000000e-04  9.168500000e-01
  5.113000000e-05  0.000000000e+00  1.441450000e-04  0.000000000e+00  1.673090000e-04  0.000000000e+00  1.580570000e-04  0.000000000e+00  1.246000000e-04  8.557200000e-01  1.548000000e-04  8.637100000e-01  2.054000000e-04  9.228600000e-01
  5.144000000e-05  0.000000000e+00  1.451850000e-04  0.000000000e+00  1.685090000e-04  0.000000000e+00  1.588760000e-04  0.000000000e+00  1.248000000e-04  8.569400000e-01  1.549000000e-04  8.630300000e-01  2.055000000e-04  9.260100000e-01
  5.175000000e-05  0.000000000e+00  1.462250000e-04  0.000000000e+00  1.697090000e-04  0.000000000e+00  1.596950000e-04  0.000000000e+00  1.249000000e-04  8.591600000e-01  1.550000000e-04  8.629130000e-01  2.056000000e-04  9.272800000e-01
  5.206000000e-05  0.000000000e+00  1.472650000e-04  0.000000000e+00  1.709090000e-04  0.000000000e+00  1.605140000e-04  0.000000000e+00  1.250000000e-04  8.601400000e-01  1.551000000e-04  8.633100000e-01  2.057000000e-04  9.289100000e-01
  5.237000000e-05  0.000000000e+00  1.483050000e-04  0.000000000e+00  1.721090000e-04  0.000000000e+00  1.613330000e-04  0.000000000e+00  1.251000000e-04  8.615300000e-01  1.552000000e-04  8.641250000e-01  2.058000000e-04  9.308400000e-01
  5.268000000e-05  0.000000000e+00  1.493450000e-04  0.000000000e+00  1.733090000e-04  0.000000000e+00  1.621520000e-04  0.000000000e+00  1.252000000e-04  8.660300000e-01  1.553000000e-04  8.650800000e-01  2.059000000e-04  9.325700000e-01
  5.299000000e-05  0.000000000e+00  1.503850000e-04  0.000000000e+00  1.745090000e-04  0.000000000e+00  1.629710000e-04  0.000000000e+00  1.253000000e-04  8.707500000e-01  1.554000000e-04  8.659680000e-01  2.060000000e-04  9.341600000e-01
  5.330000000e-05  0.000000000e+00  1.514250000e-04  0.000000000e+00  1.757090000e-04  0.000000000e+00  1.637900000e-04  0.000000000e+00  1.254000000e-04  8.729600000e-01  1.555000000e-04  8.670510000e-01  2.061000000e-04  9.357200000e-01
  5.361000000e-05  0.000000000e+00  1.524650000e-04  0.000000000e+00  1.769090000e-04  0.000000000e+00  1.646090000e-04  0.000000000e+00  1.255000000e-04  8.760200000e-01  1.556000000e-04  8.687100000e-01  2.062000000e-04  9.371000000e-01
  5.392000000e-05  0.000000000e+00  1.535050000e-04  0.000000000e+00  1.781090000e-04  0.000000000e+00  1.654280000e-04  0.000000000e+00  1.256000000e-04  8.812400000e-01  1.557000000e-04  8.711090000e-01  2.063000000e-04  9.381700000e-01
  5.423000000e-05  0.000000000e+00  1.545450000e-04  0.000000000e+00  1.793090000e-04  0.000000000e+00  1.662470000e-04  0.000000000e+00  1.257000000e-04  8.864000000e-01  1.558000000e-04  8.735500000e-01  2.064000000e-04  9.392400000e-01
  5.454000000e-05  0.000000000e+00  1.555850000e-04  0.000000000e+00  1.805090000e-04  0.000000000e+00  1.670660000e-04  0.000000000e+00  1.258000000e-04  8.912000000e-01  1.559000000e-04  8.753870000e-01  2.065000000e-04  9.404000000e-01
  5.485000000e-05  0.000000000e+00  1.566250000e-04  0.000000000e+00  1.817090000e-04  0.000000000e+00  1.678850000e-04  0.000000000e+00  1.259000000e-04  8.957600000e-01  1.560000000e-04  8.770500000e-01  2.066000000e-04  9.408200000e-01
  5.516000000e-05  0.000000000e+00  1.576650000e-04  0.000000000e+00  1.829090000e-04  0.000000000e+00  1.687040000e-04  0.000000000e+00  1.260000000e-04  8.989400000e-01  1.561000000e-04  8.792400000e-01  2.067000000e-04  9.407500000e-01
  5.547000000e-05  0.000000000e+00  1.587050000e-04  0.000000000e+00  1.841090000e-04  0.000000000e+00  1.695230000e-04  0.000000000e+00  1.261000000e-04  9.005900000e-01  1.562000000e-04  8.823610000e-01  2.068000000e-04  9.406600000e-01
  5.578000000e-05  0.000000000e+00  1.597450000e-04  0.000000000e+00  1.853090000e-04  0.000000000e+00  1.703420000e-04  0.000000000e+00  1.262000000e-04  9.016500000e-01  1.563000000e-04  8.856400000e-01  2.069000000e-04  9.405500000e-01
  5.609000000e-05  0.000000000e+00  1.607850000e-04  0.000000000e+00  1.865090000e-04  0.000000000e+00  1.711610000e-04  0.000000000e+00  1.263000000e-04  9.042300000e-01  1.564000000e-04  8.882360000e-01  2.070000000e-04  9.402600000e-01
  5.640000000e-05  0.000000000e+00  1.618250000e-04  0.000000000e+00  1.877090000e-04  0.000000000e+00  1.719800000e-04  0.000000000e+00  1.264000000e-04  9.102400000e-01  1.565000000e-04  8.902140000e-01  2.071000000e-04  9.396800000e-01
  5.671000000e-05  0.000000000e+00  1.628650000e-04  0.000000000e+00  1.889090000e-04  0.000000000e+00  1.727990000e-04  0.000000000e+00  1.265000000e-04  9.156400000e-01  1.566000000e-04  8.918700000e-01  2.072000000e-04  9.387600000e-01
  5.702000000e-05  0.000000000e+00  1.639050000e-04  0.000000000e+00  1.901090000e-04  0.000000000e+00  1.736180000e-04  0.000000000e+00  1.266000000e-04  9.178000000e-01  1.567000000e-04  8.934510000e-01  2.073000000e-04  9.378200000e-01
  5.733000000e-05  0.000000000e+00  1.649450000e-04  0.000000000e+00  1.913090000e-04  0.000000000e+00  1.744370000e-04  0.000000000e+00  1.267000000e-04  9.194900000e-01  1.568000000e-04  8.950240000e-01  2.074000000e-04  9.369100000e-01
  5.764000000e-05  0.000000000e+00  1.659850000e-04  0.000000000e+00  1.925090000e-04  0.000000000e+00  1.752560000e-04  0.000000000e+00  1.268000000e-04  9.218000000e-01  1.569000000e-04  8.966100000e-01  2.075000000e-04  9.346900000e-01
  5.795000000e-05  0.000000000e+00  1.670250000e-04  0.000000000e+00  1.937090000e-04  0.000000000e+00  1.760750000e-04  0.000000000e+00  1.269000000e-04  9.242200000e-01  1.570000000e-04  8.981770000e-01  2.076000000e-04  9.306900000e-01
  5.826000000e-05  0.000000000e+00  1.680650000e-04  0.000000000e+00  1.949090000e-04  0.000000000e+00  1.768940000e-04  0.000000000e+00  1.270000000e-04  9.261200000e-01  1.571000000e-04  8.994900000e-01  2.077000000e-04  9.281000000e-01
  5.857000000e-05  0.000000000e+00  1.691050000e-04  0.000000000e+00  1.961090000e-04  0.000000000e+00  1.777130000e-04  0.000000000e+00  1.271000000e-04  9.268800000e-01  1.572000000e-04  9.003210000e-01  2.078000000e-04  9.265100000e-01
  5.888000000e-05  0.000000000e+00  1.701450000e-04  0.000000000e+00  1.973090000e-04  0.000000000e+00  1.785320000e-04  0.000000000e+00  1.272000000e-04  9.265500000e-01  1.573000000e-04  9.006800000e-01  2.079000000e-04  9.246100000e-01
  5.919000000e-05  0.000000000e+00  1.711850000e-04  0.000000000e+00  1.985090000e-04  0.000000000e+00  1.793510000e-04  0.000000000e+00  1.273000000e-04  9.255900000e-01  1.574000000e-04  9.006410000e-01  2.080000000e-04  9.225300000e-01
  5.950000000e-05  0.000000000e+00  1.722250000e-04  0.000000000e+00  1.997090000e-04  0.000000000e+00  1.801700000e-04  0.000000000e+00  1.274000000e-04  9.249100000e-01  1.575000000e-04  9.002840000e-01  2.081000000e-04  9.206000000e-01
  5.981000000e-05  0.000000000e+00  1.732650000e-04  0.000000000e+00  2.009090000e-04  0.000000000e+00  1.809890000e-04  0.000000000e+00  1.275000000e-04  9.251800000e-01  1.576000000e-04  8.996900000e-01  2.082000000e-04  9.186900000e-01
  6.012000000e-05  0.000000000e+00  1.743050000e-04  0.000000000e+00  2.021090000e-04  0.000000000e+00  1.818080000e-04  0.000000000e+00  1.276000000e-04  9.248900000e-01  1.577000000e-04  8.988900000e-01  2.083000000e-04  9.166500000e-01
  6.043000000e-05  0.000000000e+00  1.753450000e-04  0.000000000e+00  2.033090000e-04  0.000000000e+00  1.826270000e-04  0.000000000e+00  1.278000000e-04  9.225900000e-01  1.578000000e-04  8.977190000e-01  2.084000000e-04  9.148700000e-01
  6.074000000e-05  0.000000000e+00  1.763850000e-04  0.000000000e+00  2.045090000e-04  0.000000000e+00  1.834460000e-04  0.000000000e+00  1.279000000e-04  9.188100000e-01  1.579000000e-04  8.959600000e-01  2.085000000e-04  9.134400000e-01
  6.105000000e-05  0.000000000e+00  1.774250000e-04  0.000000000e+00  2.057090000e-04  0.000000000e+00  1.842650000e-04  0.000000000e+00  1.280000000e-04  9.144700000e-01  1.580000000e-04  8.935190000e-01  2.086000000e-04  9.109800000e-01
  6.136000000e-05  0.000000000e+00  1.784650000e-04  0.000000000e+00  2.069090000e-04  0.000000000e+00  1.850840000e-04  0.000000000e+00  1.281000000e-04  9.104800000e-01  1.581000000e-04  8.907900000e-01  2.087000000e-04  9.068900000e-01
  6.167000000e-05  0.000000000e+00  1.795050000e-04  0.000000000e+00  2.081090000e-04  0.000000000e+00  1.859030000e-04  0.000000000e+00  1.282000000e-04  9.076000000e-01  1.582000000e-04  8.882370000e-01  2.088000000e-04  9.042900000e-01
  6.198000000e-05  0.000000000e+00  1.805450000e-04  0.000000000e+00  2.093090000e-04  0.000000000e+00  1.867220000e-04  0.000000000e+00  1.283000000e-04  9.057400000e-01  1.583000000e-04  8.861200000e-01  2.089000000e-04  9.027100000e-01
  6.229000000e-05  0.000000000e+00  1.815850000e-04  0.000000000e+00  2.105090000e-04  0.000000000e+00  1.875410000e-04  0.000000000e+00  1.284000000e-04  9.030900000e-01  1.584000000e-04  8.845760000e-01  2.090000000e-04  9.008800000e-01
  6.260000000e-05  0.000000000e+00  1.826250000e-04  0.000000000e+00  2.117090000e-04  0.000000000e+00  1.883600000e-04  0.000000000e+00  1.285000000e-04  8.979600000e-01  1.585000000e-04  8.834760000e-01  2.091000000e-04  8.990300000e-01
  6.291000000e-05  0.000000000e+00  1.836650000e-04  0.000000000e+00  2.129090000e-04  0.000000000e+00  1.891790000e-04  0.000000000e+00  1.286000000e-04  8.924500000e-01  1.586000000e-04  8.826200000e-01  2.092000000e-04  8.975900000e-01
  6.322000000e-05  0.000000000e+00  1.847050000e-04  0.000000000e+00  2.141090000e-04  0.000000000e+00  1.899980000e-04  0.000000000e+00  1.287000000e-04  8.880000000e-01  1.587000000e-04  8.818390000e-01  2.093000000e-04  8.965100000e-01
  6.353000000e-05  0.000000000e+00  1.857450000e-04  0.000000000e+00  2.153090000e-04  0.000000000e+00  1.908170000e-04  0.000000000e+00  1.288000000e-04  8.845200000e-01  1.588000000e-04  8.810800000e-01  2.094000000e-04  8.956200000e-01
  6.384000000e-05  0.000000000e+00  1.867850000e-04  0.000000000e+00  2.165090000e-04  0.000000000e+00  1.916360000e-04  0.000000000e+00  1.289000000e-04  8.818800000e-01  1.589000000e-04  8.803200000e-01  2.095000000e-04  8.949900000e-01
  6.415000000e-05  0.000000000e+00  1.878250000e-04  0.000000000e+00  2.177090000e-04  0.000000000e+00  1.924550000e-04  0.000000000e+00  1.290000000e-04  8.798200000e-01  1.590000000e-04  8.795480000e-01  2.096000000e-04  8.945400000e-01
  6.446000000e-05  0.000000000e+00  1.888650000e-04  0.000000000e+00  2.189090000e-04  0.000000000e+00  1.932740000e-04  0.000000000e+00  1.291000000e-04  8.778100000e-01  1.591000000e-04  8.788100000e-01  2.097000000e-04  8.936900000e-01
  6.477000000e-05  0.000000000e+00  1.899050000e-04  0.000000000e+00  2.201090000e-04  0.000000000e+00  1.940930000e-04  0.000000000e+00  1.292000000e-04  8.755300000e-01  1.592000000e-04  8.781730000e-01  2.098000000e-04  8.921700000e-01
  6.508000000e-05  0.000000000e+00  1.909450000e-04  0.000000000e+00  2.213090000e-04  0.000000000e+00  1.949120000e-04  0.000000000e+00  1.293000000e-04  8.731400000e-01  1.593000000e-04  8.777300000e-01  2.099000000e-04  8.913200000e-01
  6.539000000e-05  0.000000000e+00  1.919850000e-04  0.000000000e+00  2.225090000e-04  0.000000000e+00  1.957310000e-04  0.000000000e+00  1.294000000e-04  8.711900000e-01  1.594000000e-04  8.775550000e-01  2.100000000e-04  8.911200000e-01
  6.570000000e-05  0.000000000e+00  1.930250000e-04  0.000000000e+00  2.237090000e-04  0.000000000e+00  1.965500000e-04  0.000000000e+00  1.295000000e-04  8.705500000e-01  1.595000000e-04  8.776170000e-01  2.101000000e-04  8.911500000e-01
  6.601000000e-05  0.000000000e+00  1.940650000e-04  0.000000000e+00  2.249090000e-04  0.000000000e+00  1.973690000e-04  0.000000000e+00  1.296000000e-04  8.702800000e-01  1.596000000e-04  8.778600000e-01  2.102000000e-04  8.915200000e-01
  6.632000000e-05  0.000000000e+00  1.951050000e-04  0.000000000e+00  2.261090000e-04  0.000000000e+00  1.981880000e-04  0.000000000e+00  1.297000000e-04  8.683000000e-01  1.597000000e-04  8.782650000e-01  2.103000000e-04  8.923600000e-01
  6.663000000e-05  0.000000000e+00  1.961450000e-04  0.000000000e+00  2.273090000e-04  0.000000000e+00  1.990070000e-04  0.000000000e+00  1.298000000e-04  8.658900000e-01  1.598000000e-04  8.789580000e-01  2.104000000e-04  8.935200000e-01
  6.694000000e-05  0.000000000e+00  1.971850000e-04  0.000000000e+00  2.285090000e-04  0.000000000e+00  1.998260000e-04  0.000000000e+00  1.299000000e-04  8.651800000e-01  1.599000000e-04  8.801000000e-01  2.105000000e-04  8.947700000e-01
  6.725000000e-05  0.000000000e+00  1.982250000e-04  0.000000000e+00  2.297090000e-04  0.000000000e+00  2.006450000e-04  0.000000000e+00  1.300000000e-04  8.639000000e-01  1.600000000e-04  8.817890000e-01  2.106000000e-04  8.958600000e-01
  6.756000000e-05  0.000000000e+00  1.992650000e-04  0.000000000e+00  2.309090000e-04  0.000000000e+00  2.014640000e-04  0.000000000e+00  1.301000000e-04  8.598900000e-01  1.601000000e-04  8.838700000e-01  2.107000000e-04  8.966200000e-01
  6.787000000e-05  0.000000000e+00  2.003050000e-04  0.000000000e+00  2.321090000e-04  0.000000000e+00  2.022830000e-04  0.000000000e+00  1.302000000e-04  8.555000000e-01  1.602000000e-04  8.861080000e-01  2.108000000e-04  8.972400000e-01
  6.818000000e-05  0.000000000e+00  2.013450000e-04  0.000000000e+00  2.333090000e-04  0.000000000e+00  2.031020000e-04  0.000000000e+00  1.303000000e-04  8.520600000e-01  1.603000000e-04  8.882100000e-01  2.109000000e-04  8.978700000e-01
  6.849000000e-05  0.000000000e+00  2.023850000e-04  0.000000000e+00  2.345090000e-04  0.000000000e+00  2.039210000e-04  0.000000000e+00  1.304000000e-04  8.474100000e-01  1.604000000e-04  8.899430000e-01  2.110000000e-04  8.983500000e-01
  6.880000000e-05  0.000000000e+00  2.034250000e-04  0.000000000e+00  2.357090000e-04  0.000000000e+00  2.047400000e-04  0.000000000e+00  1.305000000e-04  8.421200000e-01  1.605000000e-04  8.913860000e-01  2.111000000e-04  8.989900000e-01
  6.911000000e-05  0.000000000e+00  2.044650000e-04  0.000000000e+00  2.369090000e-04  0.000000000e+00  2.055590000e-04  0.000000000e+00  1.306000000e-04  8.386500000e-01  1.606000000e-04  8.926900000e-01  2.112000000e-04  9.000900000e-01
  6.942000000e-05  0.000000000e+00  2.055050000e-04  0.000000000e+00  2.381090000e-04  0.000000000e+00  2.063780000e-04  0.000000000e+00  1.308000000e-04  8.366200000e-01  1.607000000e-04  8.939950000e-01  2.113000000e-04  9.016200000e-01
  6.973000000e-05  0.000000000e+00  2.065450000e-04  0.000000000e+00  2.393090000e-04  0.000000000e+00  2.071970000e-04  0.000000000e+00  1.309000000e-04  8.347400000e-01  1.608000000e-04  8.953750000e-01  2.114000000e-04  9.034300000e-01
  7.004000000e-05  0.000000000e+00  2.075850000e-04  0.000000000e+00  2.405090000e-04  0.000000000e+00  2.080160000e-04  0.000000000e+00  1.310000000e-04  8.330500000e-01  1.609000000e-04  8.968900000e-01  2.115000000e-04  9.055500000e-01
  7.035000000e-05  0.000000000e+00  2.086250000e-04  0.000000000e+00  2.417090000e-04  0.000000000e+00  2.088350000e-04  0.000000000e+00  1.311000000e-04  8.324400000e-01  1.610000000e-04  8.985140000e-01  2.116000000e-04  9.079100000e-01
  7.066000000e-05  0.000000000e+00  2.096650000e-04  0.000000000e+00  2.429090000e-04  0.000000000e+00  2.096540000e-04  0.000000000e+00  1.312000000e-04  8.347600000e-01  1.611000000e-04  8.998800000e-01  2.117000000e-04  9.101500000e-01
  7.097000000e-05  0.000000000e+00  2.107050000e-04  0.000000000e+00  2.441090000e-04  0.000000000e+00  2.104730000e-04  0.000000000e+00  1.313000000e-04  8.404000000e-01  1.612000000e-04  9.006520000e-01  2.118000000e-04  9.120700000e-01
  7.128000000e-05  0.000000000e+00  2.117450000e-04  0.000000000e+00  2.453090000e-04  0.000000000e+00  2.112920000e-04  0.000000000e+00  1.314000000e-04  8.473200000e-01  1.613000000e-04  9.009600000e-01  2.119000000e-04  9.147300000e-01
  7.159000000e-05  0.000000000e+00  2.127850000e-04  0.000000000e+00  2.465090000e-04  0.000000000e+00  2.121110000e-04  0.000000000e+00  1.315000000e-04  8.558200000e-01  1.614000000e-04  9.010260000e-01  2.120000000e-04  9.183800000e-01
  7.190000000e-05  0.000000000e+00  2.138250000e-04  0.000000000e+00  2.477090000e-04  0.000000000e+00  2.129300000e-04  0.000000000e+00  1.316000000e-04  8.669200000e-01  1.615000000e-04  9.009830000e-01  2.121000000e-04  9.200400000e-01
  7.221000000e-05  0.000000000e+00  2.148650000e-04  0.000000000e+00  2.489090000e-04  0.000000000e+00  2.137490000e-04  0.000000000e+00  1.317000000e-04  8.792100000e-01  1.616000000e-04  9.009400000e-01  2.122000000e-04  9.203500000e-01
  7.252000000e-05  0.000000000e+00  2.159050000e-04  0.000000000e+00  2.501090000e-04  0.000000000e+00  2.145680000e-04  0.000000000e+00  1.318000000e-04  8.864500000e-01  1.617000000e-04  9.009500000e-01  2.123000000e-04  9.207300000e-01
  7.283000000e-05  0.000000000e+00  2.169450000e-04  0.000000000e+00  2.513090000e-04  0.000000000e+00  2.153870000e-04  0.000000000e+00  1.319000000e-04  8.869100000e-01  1.618000000e-04  9.008440000e-01  2.124000000e-04  9.213200000e-01
  7.314000000e-05  0.000000000e+00  2.179850000e-04  0.000000000e+00  2.525090000e-04  0.000000000e+00  2.162060000e-04  0.000000000e+00  1.320000000e-04  8.804800000e-01  1.619000000e-04  9.004000000e-01  2.125000000e-04  9.219600000e-01
  7.345000000e-05  0.000000000e+00  2.190250000e-04  0.000000000e+00  2.537090000e-04  0.000000000e+00  2.170250000e-04  0.000000000e+00  1.321000000e-04  8.621400000e-01  1.620000000e-04  8.993250000e-01  2.126000000e-04  9.229000000e-01
  7.376000000e-05  0.000000000e+00  2.200650000e-04  0.000000000e+00  2.549090000e-04  0.000000000e+00  2.178440000e-04  0.000000000e+00  1.322000000e-04  8.382500000e-01  1.621000000e-04  8.970600000e-01  2.127000000e-04  9.243400000e-01
  7.407000000e-05  0.000000000e+00  2.211050000e-04  0.000000000e+00  2.561090000e-04  0.000000000e+00  2.186630000e-04  0.000000000e+00  1.323000000e-04  7.808800000e-01  1.622000000e-04  8.933390000e-01  2.128000000e-04  9.259900000e-01
  7.438000000e-05  0.000000000e+00  2.221450000e-04  0.000000000e+00  2.573090000e-04  0.000000000e+00  2.194820000e-04  0.000000000e+00  1.324000000e-04  6.653600000e-01  1.623000000e-04  8.893500000e-01  2.129000000e-04  9.275500000e-01
  7.469000000e-05  0.000000000e+00  2.231850000e-04  0.000000000e+00  2.585090000e-04  0.000000000e+00  2.203010000e-04  0.000000000e+00  1.325000000e-04  5.907300000e-01  1.624000000e-04  8.862370000e-01  2.130000000e-04  9.293100000e-01
  7.500000000e-05  0.000000000e+00  2.242250000e-04  0.000000000e+00  2.597090000e-04  0.000000000e+00  2.211200000e-04  0.000000000e+00  1.326000000e-04  4.749600000e-01  1.625000000e-04  8.835200000e-01  2.131000000e-04  9.311800000e-01
  7.531000000e-05  0.000000000e+00  2.252650000e-04  0.000000000e+00  2.609090000e-04  0.000000000e+00  2.219390000e-04  0.000000000e+00  1.327000000e-04  3.946600000e-01  1.626000000e-04  8.803100000e-01  2.132000000e-04  9.316600000e-01
  7.562000000e-05  0.000000000e+00  2.263050000e-04  0.000000000e+00  2.621090000e-04  0.000000000e+00  2.227580000e-04  0.000000000e+00  1.328000000e-04  3.220200000e-01  1.627000000e-04  8.761120000e-01  2.133000000e-04  9.312700000e-01
  7.593000000e-05  0.000000000e+00  2.273450000e-04  0.000000000e+00  2.633090000e-04  0.000000000e+00  2.235770000e-04  0.000000000e+00  1.329000000e-04  2.756100000e-01  1.628000000e-04  8.719900000e-01  2.134000000e-04  9.309200000e-01
  7.624000000e-05  0.000000000e+00  2.283850000e-04  0.000000000e+00  2.645090000e-04  0.000000000e+00  2.243960000e-04  0.000000000e+00  1.330000000e-04  1.582900000e-01  1.629000000e-04  8.689490000e-01  2.135000000e-04  9.307500000e-01
  7.655000000e-05  0.000000000e+00  2.294250000e-04  0.000000000e+00  2.657090000e-04  0.000000000e+00  2.252150000e-04  0.000000000e+00  1.331000000e-04  1.086800000e-01  1.630000000e-04  8.661940000e-01  2.136000000e-04  9.306700000e-01
  7.686000000e-05  0.000000000e+00  2.304650000e-04  0.000000000e+00  2.669090000e-04  0.000000000e+00  2.260340000e-04  0.000000000e+00  1.332000000e-04  1.271300000e-01  1.631000000e-04  8.624800000e-01  2.137000000e-04  9.307300000e-01
  7.717000000e-05  0.000000000e+00  2.315050000e-04  0.000000000e+00  2.681090000e-04  0.000000000e+00  2.268530000e-04  0.000000000e+00  1.333000000e-04  8.996000000e-02  1.632000000e-04  8.571090000e-01  2.138000000e-04  9.309300000e-01
  7.748000000e-05  0.000000000e+00  2.325450000e-04  0.000000000e+00  2.693090000e-04  0.000000000e+00  2.276720000e-04  0.000000000e+00  1.334000000e-04  8.246000000e-02  1.633000000e-04  8.515700000e-01  2.139000000e-04  9.310300000e-01
  7.779000000e-05  0.000000000e+00  2.335850000e-04  0.000000000e+00  2.705090000e-04  0.000000000e+00  2.284910000e-04  0.000000000e+00  1.335000000e-04  5.939000000e-02  1.634000000e-04  8.474660000e-01  2.140000000e-04  9.307800000e-01
  7.810000000e-05  0.000000000e+00  2.346250000e-04  0.000000000e+00  2.717090000e-04  0.000000000e+00  2.293100000e-04  0.000000000e+00  1.337000000e-04  4.672000000e-02  1.635000000e-04  8.446510000e-01  2.141000000e-04  9.302000000e-01
  7.841000000e-05  0.000000000e+00  2.356650000e-04  0.000000000e+00  2.729090000e-04  0.000000000e+00  2.301290000e-04  0.000000000e+00  1.338000000e-04  4.323000000e-02  1.636000000e-04  8.425400000e-01  2.142000000e-04  9.293900000e-01
  7.872000000e-05  0.000000000e+00  2.367050000e-04  0.000000000e+00  2.741090000e-04  0.000000000e+00  2.309480000e-04  0.000000000e+00  1.339000000e-04  3.240000000e-02  1.637000000e-04  8.406160000e-01  2.143000000e-04  9.284600000e-01
  7.903000000e-05  0.000000000e+00  2.377450000e-04  0.000000000e+00  2.753090000e-04  0.000000000e+00  2.317670000e-04  0.000000000e+00  1.340000000e-04  2.852000000e-02  1.638000000e-04  8.386280000e-01  2.144000000e-04  9.275600000e-01
  7.934000000e-05  0.000000000e+00  2.387850000e-04  0.000000000e+00  2.765090000e-04  0.000000000e+00  2.325860000e-04  0.000000000e+00  1.341000000e-04  2.161000000e-02  1.639000000e-04  8.363900000e-01  2.145000000e-04  9.268300000e-01
  7.965000000e-05  0.000000000e+00  2.398250000e-04  0.000000000e+00  2.777090000e-04  0.000000000e+00  2.334050000e-04  0.000000000e+00  1.342000000e-04  1.586000000e-02  1.640000000e-04  8.338000000e-01  2.146000000e-04  9.263700000e-01
  7.996000000e-05  0.000000000e+00  2.408650000e-04  0.000000000e+00  2.789090000e-04  0.000000000e+00  2.342240000e-04  0.000000000e+00  1.343000000e-04  1.436000000e-02  1.641000000e-04  8.310800000e-01  2.147000000e-04  9.262200000e-01
  8.027000000e-05  0.000000000e+00  2.419050000e-04  0.000000000e+00  2.801090000e-04  0.000000000e+00  2.350430000e-04  0.000000000e+00  1.344000000e-04  1.264000000e-02  1.642000000e-04  8.285410000e-01  2.148000000e-04  9.263200000e-01
  8.058000000e-05  0.000000000e+00  2.429450000e-04  0.000000000e+00  2.813090000e-04  0.000000000e+00  2.358620000e-04  0.000000000e+00  1.345000000e-04  9.820000000e-03  1.643000000e-04  8.265000000e-01  2.149000000e-04  9.265300000e-01
  8.089000000e-05  0.000000000e+00  2.439850000e-04  0.000000000e+00  2.825090000e-04  0.000000000e+00  2.366810000e-04  0.000000000e+00  1.346000000e-04  7.970000000e-03  1.644000000e-04  8.251920000e-01  2.150000000e-04  9.266100000e-01
  8.120000000e-05  0.000000000e+00  2.450250000e-04  0.000000000e+00  2.837090000e-04  0.000000000e+00  2.375000000e-04  0.000000000e+00  1.347000000e-04  7.190000000e-03  1.645000000e-04  8.245050000e-01  2.151000000e-04  9.263700000e-01
  8.151000000e-05  0.000000000e+00  2.460650000e-04  0.000000000e+00  2.849090000e-04  0.000000000e+00  2.383190000e-04  0.000000000e+00  1.348000000e-04  6.820000000e-03  1.646000000e-04  8.242400000e-01  2.152000000e-04  9.260800000e-01
  8.182000000e-05  0.000000000e+00  2.471050000e-04  0.000000000e+00  2.861090000e-04  0.000000000e+00  2.391380000e-04  0.000000000e+00  1.349000000e-04  5.610000000e-03  1.647000000e-04  8.242150000e-01  2.153000000e-04  9.259100000e-01
  8.213000000e-05  0.000000000e+00  2.481450000e-04  0.000000000e+00  2.873090000e-04  0.000000000e+00  2.399570000e-04  0.000000000e+00  1.350000000e-04  0.000000000e+00  1.648000000e-04  8.243100000e-01  2.154000000e-04  9.259700000e-01
  8.244000000e-05  0.000000000e+00  2.491850000e-04  0.000000000e+00  2.885090000e-04  0.000000000e+00  2.407760000e-04  0.000000000e+00  1.351000000e-04  0.000000000e+00  1.649000000e-04  8.244720000e-01  2.155000000e-04  9.264500000e-01
  8.275000000e-05  0.000000000e+00  2.502250000e-04  0.000000000e+00  2.897090000e-04  0.000000000e+00  2.415950000e-04  0.000000000e+00  1.352000000e-04  0.000000000e+00  1.650000000e-04  8.248640000e-01  2.156000000e-04  9.274500000e-01
  8.306000000e-05  0.000000000e+00  2.512650000e-04  0.000000000e+00  2.909090000e-04  0.000000000e+00  2.424140000e-04  0.000000000e+00  1.353000000e-04  0.000000000e+00  1.651000000e-04  8.257000000e-01  2.157000000e-04  9.289300000e-01
  8.337000000e-05  0.000000000e+00  2.523050000e-04  0.000000000e+00  2.921090000e-04  0.000000000e+00  2.432330000e-04  0.000000000e+00  1.354000000e-04  0.000000000e+00  1.652000000e-04  8.270730000e-01  2.158000000e-04  9.307300000e-01
  8.368000000e-05  0.000000000e+00  2.533450000e-04  0.000000000e+00  2.933090000e-04  0.000000000e+00  2.440520000e-04  0.000000000e+00  1.355000000e-04  0.000000000e+00  1.653000000e-04  8.285800000e-01  2.159000000e-04  9.325200000e-01
  8.399000000e-05  0.000000000e+00  2.543850000e-04  0.000000000e+00  2.945090000e-04  0.000000000e+00  2.448710000e-04  0.000000000e+00  1.356000000e-04  0.000000000e+00  1.654000000e-04  8.298840000e-01  2.160000000e-04  9.340500000e-01
  8.430000000e-05  0.000000000e+00  2.554250000e-04  0.000000000e+00  2.957090000e-04  0.000000000e+00  2.456900000e-04  0.000000000e+00  1.357000000e-04  0.000000000e+00  1.655000000e-04  8.314070000e-01  2.161000000e-04  9.356700000e-01
  8.461000000e-05  0.000000000e+00  2.564650000e-04  0.000000000e+00  2.969090000e-04  0.000000000e+00  2.465090000e-04  0.000000000e+00  1.358000000e-04  0.000000000e+00  1.656000000e-04  8.337600000e-01  2.162000000e-04  9.374500000e-01
  8.492000000e-05  0.000000000e+00  2.575050000e-04  0.000000000e+00  2.981090000e-04  0.000000000e+00  2.473280000e-04  0.000000000e+00  1.359000000e-04  0.000000000e+00  1.657000000e-04  8.372280000e-01  2.163000000e-04  9.383300000e-01
  8.523000000e-05  0.000000000e+00  2.585450000e-04  0.000000000e+00  2.993090000e-04  0.000000000e+00  2.481470000e-04  0.000000000e+00  1.360000000e-04  0.000000000e+00  1.658000000e-04  8.407800000e-01  2.164000000e-04  9.388300000e-01
  8.554000000e-05  0.000000000e+00  2.595850000e-04  0.000000000e+00  3.005090000e-04  0.000000000e+00  2.489660000e-04  0.000000000e+00  1.361000000e-04  0.000000000e+00  1.659000000e-04  8.434340000e-01  2.165000000e-04  9.397500000e-01
  8.585000000e-05  0.000000000e+00  2.606250000e-04  0.000000000e+00  3.017090000e-04  0.000000000e+00  2.497850000e-04  0.000000000e+00  1.362000000e-04  0.000000000e+00  1.660000000e-04  8.456940000e-01  2.166000000e-04  9.410900000e-01
  8.616000000e-05  0.000000000e+00  2.616650000e-04  0.000000000e+00  3.029090000e-04  0.000000000e+00  2.506040000e-04  0.000000000e+00  1.363000000e-04  0.000000000e+00  1.661000000e-04  8.484400000e-01  2.167000000e-04  9.426500000e-01
  8.647000000e-05  0.000000000e+00  2.627050000e-04  0.000000000e+00  3.041090000e-04  0.000000000e+00  2.514230000e-04  0.000000000e+00  1.364000000e-04  0.000000000e+00  1.662000000e-04  8.521640000e-01  2.168000000e-04  9.443200000e-01
  8.678000000e-05  0.000000000e+00  2.637450000e-04  0.000000000e+00  3.053090000e-04  0.000000000e+00  2.522420000e-04  0.000000000e+00  1.365000000e-04  0.000000000e+00  1.663000000e-04  8.558100000e-01  2.169000000e-04  9.459600000e-01
  8.709000000e-05  0.000000000e+00  2.647850000e-04  0.000000000e+00  3.065090000e-04  0.000000000e+00  2.530610000e-04  0.000000000e+00  1.366000000e-04  0.000000000e+00  1.664000000e-04  8.583210000e-01  2.170000000e-04  9.473700000e-01
  8.740000000e-05  0.000000000e+00  2.658250000e-04  0.000000000e+00  3.077090000e-04  0.000000000e+00  2.538800000e-04  0.000000000e+00  1.367000000e-04  0.000000000e+00  1.665000000e-04  8.601830000e-01  2.171000000e-04  9.483800000e-01
  8.771000000e-05  0.000000000e+00  2.668650000e-04  0.000000000e+00  3.089090000e-04  0.000000000e+00  2.546990000e-04  0.000000000e+00  1.368000000e-04  0.000000000e+00  1.666000000e-04  8.622700000e-01  2.172000000e-04  9.492400000e-01
  8.802000000e-05  0.000000000e+00  2.679050000e-04  0.000000000e+00  3.101090000e-04  0.000000000e+00  2.555180000e-04  0.000000000e+00  1.369000000e-04  0.000000000e+00  1.667000000e-04  8.651270000e-01  2.173000000e-04  9.500700000e-01
  8.833000000e-05  0.000000000e+00  2.689450000e-04  0.000000000e+00  3.113090000e-04  0.000000000e+00  2.563370000e-04  0.000000000e+00  1.370000000e-04  0.000000000e+00  1.668000000e-04  8.679900000e-01  2.174000000e-04  9.503700000e-01
  8.864000000e-05  0.000000000e+00  2.699850000e-04  0.000000000e+00  3.125090000e-04  0.000000000e+00  2.571560000e-04  0.000000000e+00  1.371000000e-04  0.000000000e+00  1.669000000e-04  8.700420000e-01  2.175000000e-04  9.503700000e-01
  8.895000000e-05  0.000000000e+00  2.710250000e-04  0.000000000e+00  3.137090000e-04  0.000000000e+00  2.579750000e-04  0.000000000e+00  1.372000000e-04  0.000000000e+00  1.670000000e-04  8.715520000e-01  2.176000000e-04  9.504400000e-01
  8.926000000e-05  0.000000000e+00  2.720650000e-04  0.000000000e+00  3.149090000e-04  0.000000000e+00  2.587940000e-04  0.000000000e+00  1.373000000e-04  0.000000000e+00  1.671000000e-04  8.730600000e-01  2.177000000e-04  9.505900000e-01
  8.957000000e-05  0.000000000e+00  2.731050000e-04  0.000000000e+00  3.161090000e-04  0.000000000e+00  2.596130000e-04  0.000000000e+00  1.374000000e-04  0.000000000e+00  1.672000000e-04  8.748960000e-01  2.178000000e-04  9.507400000e-01
  8.988000000e-05  0.000000000e+00  2.741450000e-04  0.000000000e+00  3.173090000e-04  0.000000000e+00  2.604320000e-04  0.000000000e+00  1.375000000e-04  0.000000000e+00  1.673000000e-04  8.765400000e-01  2.179000000e-04  9.509400000e-01
  9.019000000e-05  0.000000000e+00  2.751850000e-04  0.000000000e+00  3.185090000e-04  0.000000000e+00  2.612510000e-04  0.000000000e+00  1.376000000e-04  0.000000000e+00  1.674000000e-04  8.774420000e-01  2.180000000e-04  9.512300000e-01
  9.050000000e-05  0.000000000e+00  2.762250000e-04  0.000000000e+00  3.197090000e-04  0.000000000e+00  2.620700000e-04  0.000000000e+00  1.377000000e-04  0.000000000e+00  1.675000000e-04  8.777670000e-01  2.181000000e-04  9.515800000e-01
  9.081000000e-05  0.000000000e+00  2.772650000e-04  0.000000000e+00  3.209090000e-04  0.000000000e+00  2.628890000e-04  0.000000000e+00  1.378000000e-04  0.000000000e+00  1.676000000e-04  8.778600000e-01  2.182000000e-04  9.519300000e-01
  9.112000000e-05  0.000000000e+00  2.783050000e-04  0.000000000e+00  3.221090000e-04  0.000000000e+00  2.637080000e-04  0.000000000e+00  1.379000000e-04  0.000000000e+00  1.677000000e-04  8.779980000e-01  2.183000000e-04  9.524300000e-01
  9.143000000e-05  0.000000000e+00  2.793450000e-04  0.000000000e+00  3.233090000e-04  0.000000000e+00  2.645270000e-04  0.000000000e+00  1.380000000e-04  0.000000000e+00  1.678000000e-04  8.781800000e-01  2.184000000e-04  9.530500000e-01
  9.174000000e-05  0.000000000e+00  2.803850000e-04  0.000000000e+00  3.245090000e-04  0.000000000e+00  2.653460000e-04  0.000000000e+00  1.381000000e-04  0.000000000e+00  1.679000000e-04  8.783430000e-01  2.185000000e-04  9.532000000e-01
  9.205000000e-05  0.000000000e+00  2.814250000e-04  0.000000000e+00  3.257090000e-04  0.000000000e+00  2.661650000e-04  0.000000000e+00  1.382000000e-04  0.000000000e+00  1.680000000e-04  8.784470000e-01  2.186000000e-04  9.530100000e-01
  9.236000000e-05  0.000000000e+00  2.824650000e-04  0.000000000e+00  3.269090000e-04  0.000000000e+00  2.669840000e-04  0.000000000e+00  1.383000000e-04  0.000000000e+00  1.681000000e-04  8.784600000e-01  2.187000000e-04  9.527200000e-01
  9.267000000e-05  0.000000000e+00  2.835050000e-04  0.000000000e+00  3.281090000e-04  0.000000000e+00  2.678030000e-04  0.000000000e+00  1.384000000e-04  0.000000000e+00  1.682000000e-04  8.783610000e-01  2.188000000e-04  9.523800000e-01
  9.298000000e-05  0.000000000e+00  2.845450000e-04  0.000000000e+00  3.293090000e-04  0.000000000e+00  2.686220000e-04  0.000000000e+00  1.385000000e-04  0.000000000e+00  1.683000000e-04  8.781800000e-01  2.189000000e-04  9.519400000e-01
  9.329000000e-05  0.000000000e+00  2.855850000e-04  0.000000000e+00  3.305090000e-04  0.000000000e+00  2.694410000e-04  0.000000000e+00  1.386000000e-04  0.000000000e+00  1.684000000e-04  8.779330000e-01  2.190000000e-04  9.514500000e-01
  9.360000000e-05  0.000000000e+00  2.866250000e-04  0.000000000e+00  3.317090000e-04  0.000000000e+00  2.702600000e-04  0.000000000e+00  1.387000000e-04  0.000000000e+00  1.685000000e-04  8.775220000e-01  2.191000000e-04  9.509300000e-01
  9.391000000e-05  0.000000000e+00  2.876650000e-04  0.000000000e+00  3.329090000e-04  0.000000000e+00  2.710790000e-04  0.000000000e+00  1.388000000e-04  0.000000000e+00  1.686000000e-04  8.768200000e-01  2.192000000e-04  9.504800000e-01
  9.422000000e-05  0.000000000e+00  2.887050000e-04  0.000000000e+00  3.341090000e-04  0.000000000e+00  2.718980000e-04  0.000000000e+00  1.389000000e-04  0.000000000e+00  1.687000000e-04  8.757740000e-01  2.193000000e-04  9.501100000e-01
  9.453000000e-05  0.000000000e+00  2.897450000e-04  0.000000000e+00  3.353090000e-04  0.000000000e+00  2.727170000e-04  0.000000000e+00  1.390000000e-04  0.000000000e+00  1.688000000e-04  8.746300000e-01  2.194000000e-04  9.495700000e-01
  9.484000000e-05  0.000000000e+00  2.907850000e-04  0.000000000e+00  3.365090000e-04  0.000000000e+00  2.735360000e-04  0.000000000e+00  1.391000000e-04  0.000000000e+00  1.689000000e-04  8.736410000e-01  2.195000000e-04  9.487600000e-01
  9.515000000e-05  0.000000000e+00  2.918250000e-04  0.000000000e+00  3.377090000e-04  0.000000000e+00  2.743550000e-04  0.000000000e+00  1.392000000e-04  0.000000000e+00  1.690000000e-04  8.727980000e-01  2.196000000e-04  9.483200000e-01
  9.546000000e-05  0.000000000e+00  2.928650000e-04  0.000000000e+00  3.389090000e-04  0.000000000e+00  2.751740000e-04  0.000000000e+00  1.393000000e-04  0.000000000e+00  1.691000000e-04  8.720300000e-01  2.197000000e-04  9.481800000e-01
  9.577000000e-05  0.000000000e+00  2.939050000e-04  0.000000000e+00  3.401090000e-04  0.000000000e+00  2.759930000e-04  0.000000000e+00  1.394000000e-04  0.000000000e+00  1.692000000e-04  8.712670000e-01  2.198000000e-04  9.480600000e-01
  9.608000000e-05  0.000000000e+00  2.949450000e-04  0.000000000e+00  3.413090000e-04  0.000000000e+00  2.768120000e-04  0.000000000e+00  1.395000000e-04  0.000000000e+00  1.693000000e-04  8.704620000e-01  2.199000000e-04  9.480300000e-01
  9.639000000e-05  0.000000000e+00  2.959850000e-04  0.000000000e+00  3.425090000e-04  0.000000000e+00  2.776310000e-04  0.000000000e+00  1.396000000e-04  0.000000000e+00  1.694000000e-04  8.695700000e-01  2.200000000e-04  9.481800000e-01
  9.670000000e-05  0.000000000e+00  2.970250000e-04  0.000000000e+00  3.437090000e-04  0.000000000e+00  2.784500000e-04  0.000000000e+00  1.397000000e-04  0.000000000e+00  1.695000000e-04  8.686070000e-01  2.201000000e-04  9.485300000e-01
  9.701000000e-05  0.000000000e+00  2.980650000e-04  0.000000000e+00  3.449090000e-04  0.000000000e+00  2.792690000e-04  0.000000000e+00  1.398000000e-04  0.000000000e+00  1.696000000e-04  8.678200000e-01  2.202000000e-04  9.490300000e-01
  9.732000000e-05  0.000000000e+00  2.991050000e-04  0.000000000e+00  3.461090000e-04  0.000000000e+00  2.800880000e-04  0.000000000e+00  1.399000000e-04  0.000000000e+00  1.697000000e-04  8.674390000e-01  2.203000000e-04  9.495600000e-01
  9.763000000e-05  0.000000000e+00  3.001450000e-04  0.000000000e+00  3.473090000e-04  0.000000000e+00  2.809070000e-04  0.000000000e+00  1.400000000e-04  0.000000000e+00  1.698000000e-04  8.674100000e-01  2.204000000e-04  9.500400000e-01
  9.794000000e-05  0.000000000e+00  3.011850000e-04  0.000000000e+00  3.485090000e-04  0.000000000e+00  2.817260000e-04  0.000000000e+00  1.401000000e-04  0.000000000e+00  1.699000000e-04  8.676130000e-01  2.205000000e-04  9.507500000e-01
  9.825000000e-05  0.000000000e+00  3.022250000e-04  0.000000000e+00  3.497090000e-04  0.000000000e+00  2.825450000e-04  0.000000000e+00  1.402000000e-04  0.000000000e+00  1.700000000e-04  8.679620000e-01  2.206000000e-04  9.517600000e-01
  9.856000000e-05  0.000000000e+00  3.032650000e-04  0.000000000e+00  3.509090000e-04  0.000000000e+00  2.833640000e-04  0.000000000e+00  1.403000000e-04  0.000000000e+00  1.701000000e-04  8.683800000e-01  2.207000000e-04  9.523400000e-01
  9.887000000e-05  0.000000000e+00  3.043050000e-04  0.000000000e+00  3.521090000e-04  0.000000000e+00  2.841830000e-04  0.000000000e+00  1.404000000e-04  0.000000000e+00  1.702000000e-04  8.687880000e-01  2.208000000e-04  9.526800000e-01
  9.918000000e-05  0.000000000e+00  3.053450000e-04  0.000000000e+00  3.533090000e-04  0.000000000e+00  2.850020000e-04  0.000000000e+00  1.405000000e-04  0.000000000e+00  1.703000000e-04  8.691100000e-01  2.209000000e-04  9.531300000e-01
  9.949000000e-05  0.000000000e+00  3.063850000e-04  0.000000000e+00  3.545090000e-04  0.000000000e+00  2.858210000e-04  0.000000000e+00  1.406000000e-04  0.000000000e+00  1.704000000e-04  8.692700000e-01  2.210000000e-04  9.537100000e-01
  9.980000000e-05  0.000000000e+00  3.074250000e-04  0.000000000e+00  3.557090000e-04  0.000000000e+00  2.866400000e-04  0.000000000e+00  1.407000000e-04  0.000000000e+00  1.705000000e-04  8.692390000e-01  2.211000000e-04  9.543100000e-01
  1.001100000e-04  0.000000000e+00  3.084650000e-04  0.000000000e+00  3.569090000e-04  0.000000000e+00  2.874590000e-04  0.000000000e+00  1.408000000e-04  0.000000000e+00  1.706000000e-04  8.691700000e-01  2.212000000e-04  9.549800000e-01
  1.004200000e-04  0.000000000e+00  3.095050000e-04  0.000000000e+00  3.581090000e-04  0.000000000e+00  2.882780000e-04  0.000000000e+00  1.409000000e-04  0.000000000e+00  1.707000000e-04  8.692320000e-01  2.213000000e-04  9.557200000e-01
  1.007300000e-04  0.000000000e+00  3.105450000e-04  0.000000000e+00  3.593090000e-04  0.000000000e+00  2.890970000e-04  0.000000000e+00  1.410000000e-04  0.000000000e+00  1.708000000e-04  8.694600000e-01  2.214000000e-04  9.564000000e-01
  1.010400000e-04  0.000000000e+00  3.115850000e-04  0.000000000e+00  3.605090000e-04  0.000000000e+00  2.899160000e-04  0.000000000e+00  1.411000000e-04  0.000000000e+00  1.709000000e-04  8.698420000e-01  2.215000000e-04  9.569600000e-01
  1.013500000e-04  0.000000000e+00  3.126250000e-04  0.000000000e+00  3.617090000e-04  0.000000000e+00  2.907350000e-04  0.000000000e+00  1.412000000e-04  0.000000000e+00  1.710000000e-04  8.703140000e-01  2.216000000e-04  9.578500000e-01
  1.016600000e-04  0.000000000e+00  3.136650000e-04  0.000000000e+00  3.629090000e-04  0.000000000e+00  2.915540000e-04  0.000000000e+00  1.413000000e-04  0.000000000e+00  1.711000000e-04  8.708000000e-01  2.217000000e-04  9.592300000e-01
  1.019700000e-04  0.000000000e+00  3.147050000e-04  0.000000000e+00  3.641090000e-04  0.000000000e+00  2.923730000e-04  0.000000000e+00  1.414000000e-04  0.000000000e+00  1.712000000e-04  8.712030000e-01  2.218000000e-04  9.600200000e-01
  1.022800000e-04  0.000000000e+00  3.157450000e-04  0.000000000e+00  3.653090000e-04  0.000000000e+00  2.931920000e-04  0.000000000e+00  1.415000000e-04  0.000000000e+00  1.713000000e-04  8.713480000e-01  2.219000000e-04  9.604000000e-01
  1.025900000e-04  0.000000000e+00  3.167850000e-04  0.000000000e+00  3.665090000e-04  0.000000000e+00  2.940110000e-04  0.000000000e+00  1.416000000e-04  0.000000000e+00  1.714000000e-04  8.710400000e-01  2.220000000e-04  9.608200000e-01
  1.029000000e-04  0.000000000e+00  3.178250000e-04  0.000000000e+00  3.677090000e-04  0.000000000e+00  2.948300000e-04  0.000000000e+00  1.417000000e-04  0.000000000e+00  1.715000000e-04  8.701090000e-01  2.221000000e-04  9.612800000e-01
  1.032100000e-04  0.000000000e+00  3.188650000e-04  0.000000000e+00  3.689090000e-04  0.000000000e+00  2.956490000e-04  0.000000000e+00  1.418000000e-04  0.000000000e+00  1.716000000e-04  8.684900000e-01  2.222000000e-04  9.616300000e-01
  1.035200000e-04  0.000000000e+00  3.199050000e-04  0.000000000e+00  3.701090000e-04  0.000000000e+00  2.964680000e-04  0.000000000e+00  1.419000000e-04  0.000000000e+00  1.717000000e-04  8.662370000e-01  2.223000000e-04  9.619200000e-01
  1.038300000e-04  0.000000000e+00  3.209450000e-04  0.000000000e+00  3.713090000e-04  0.000000000e+00  2.972870000e-04  0.000000000e+00  1.420000000e-04  0.000000000e+00  1.718000000e-04  8.637800000e-01  2.224000000e-04  9.621800000e-01
  1.041400000e-04  0.000000000e+00  3.219850000e-04  0.000000000e+00  3.725090000e-04  0.000000000e+00  2.981060000e-04  0.000000000e+00  1.421000000e-04  0.000000000e+00  1.719000000e-04  8.615320000e-01  2.225000000e-04  9.624500000e-01
  1.044500000e-04  0.000000000e+00  3.230250000e-04  0.000000000e+00  3.737090000e-04  0.000000000e+00  2.989250000e-04  0.000000000e+00  1.422000000e-04  0.000000000e+00  1.720000000e-04  8.594710000e-01  2.226000000e-04  9.627000000e-01
  1.047600000e-04  0.000000000e+00  3.240650000e-04  0.000000000e+00  3.749090000e-04  0.000000000e+00  2.997440000e-04  0.000000000e+00  1.423000000e-04  0.000000000e+00  1.721000000e-04  8.574700000e-01  2.227000000e-04  9.628800000e-01
  1.050700000e-04  0.000000000e+00  3.251050000e-04  0.000000000e+00  3.761090000e-04  0.000000000e+00  3.005630000e-04  0.000000000e+00  1.424000000e-04  0.000000000e+00  1.722000000e-04  8.553500000e-01  2.228000000e-04  9.628700000e-01
  1.053800000e-04  0.000000000e+00  3.261450000e-04  0.000000000e+00  3.773090000e-04  0.000000000e+00  3.013820000e-04  0.000000000e+00  1.425000000e-04  0.000000000e+00  1.723000000e-04  8.527450000e-01  2.229000000e-04  9.625700000e-01
  1.056900000e-04  0.000000000e+00  3.271850000e-04  0.000000000e+00  3.785090000e-04  0.000000000e+00  3.022010000e-04  0.000000000e+00  1.426000000e-04  0.000000000e+00  1.724000000e-04  8.492400000e-01  2.230000000e-04  9.620300000e-01
  1.060000000e-04  0.000000000e+00  3.282250000e-04  0.000000000e+00  3.797090000e-04  0.000000000e+00  3.030200000e-04  0.000000000e+00  1.427000000e-04  0.000000000e+00  1.725000000e-04  8.445850000e-01  2.231000000e-04  9.612700000e-01
  1.063100000e-04  0.000000000e+00  3.292650000e-04  0.000000000e+00  3.809090000e-04  0.000000000e+00  3.038390000e-04  0.000000000e+00  1.428000000e-04  0.000000000e+00  1.726000000e-04  8.391990000e-01  2.232000000e-04  9.603100000e-01
  1.066200000e-04  0.000000000e+00  3.303050000e-04  0.000000000e+00  3.821090000e-04  0.000000000e+00  3.046580000e-04  0.000000000e+00  1.429000000e-04  0.000000000e+00  1.727000000e-04  8.336860000e-01  2.233000000e-04  9.591900000e-01
  1.069300000e-04  0.000000000e+00  3.313450000e-04  0.000000000e+00  3.833090000e-04  0.000000000e+00  3.054770000e-04  0.000000000e+00  1.430000000e-04  0.000000000e+00  1.728000000e-04  8.287200000e-01  2.234000000e-04  9.581500000e-01
  1.072400000e-04  0.000000000e+00  3.323850000e-04  0.000000000e+00  3.845090000e-04  0.000000000e+00  3.062960000e-04  0.000000000e+00  1.431000000e-04  0.000000000e+00  1.729000000e-04  8.248190000e-01  2.235000000e-04  9.572800000e-01
  1.075500000e-04  0.000000000e+00  3.334250000e-04  0.000000000e+00  3.857090000e-04  0.000000000e+00  3.071150000e-04  0.000000000e+00  1.432000000e-04  0.000000000e+00  1.730000000e-04  8.217840000e-01  2.236000000e-04  9.559600000e-01
  1.078600000e-04  0.000000000e+00  3.344650000e-04  0.000000000e+00  3.869090000e-04  0.000000000e+00  3.079340000e-04  0.000000000e+00  1.433000000e-04  0.000000000e+00  1.731000000e-04  8.192400000e-01  2.237000000e-04  9.539600000e-01
  1.081700000e-04  0.000000000e+00  3.355050000e-04  0.000000000e+00  3.881090000e-04  0.000000000e+00  3.087530000e-04  0.000000000e+00  1.434000000e-04  0.000000000e+00  1.732000000e-04  8.168500000e-01  2.238000000e-04  9.528000000e-01
  1.084800000e-04  0.000000000e+00  3.365450000e-04  0.000000000e+00  3.893090000e-04  0.000000000e+00  3.095720000e-04  0.000000000e+00  1.435000000e-04  0.000000000e+00  1.733000000e-04  8.144280000e-01  2.239000000e-04  9.522200000e-01
  1.087900000e-04  0.000000000e+00  3.375850000e-04  0.000000000e+00  3.905090000e-04  0.000000000e+00  3.103910000e-04  0.000000000e+00  1.436000000e-04  0.000000000e+00  1.734000000e-04  8.118300000e-01  2.240000000e-04  9.515300000e-01
  1.091000000e-04  0.000000000e+00  3.386250000e-04  0.000000000e+00  3.917090000e-04  0.000000000e+00  3.112100000e-04  0.000000000e+00  1.437000000e-04  0.000000000e+00  1.735000000e-04  8.089850000e-01  2.241000000e-04  9.507600000e-01
  1.094100000e-04  0.000000000e+00  3.396650000e-04  0.000000000e+00  3.929090000e-04  0.000000000e+00  3.120290000e-04  0.000000000e+00  1.438000000e-04  0.000000000e+00  1.736000000e-04  8.061300000e-01  2.242000000e-04  9.500400000e-01
  1.097200000e-04  0.000000000e+00  3.407050000e-04  0.000000000e+00  3.941090000e-04  0.000000000e+00  3.128480000e-04  0.000000000e+00  1.439000000e-04  0.000000000e+00  1.737000000e-04  8.035550000e-01  2.243000000e-04  9.492800000e-01
  1.100300000e-04  0.000000000e+00  3.417450000e-04  0.000000000e+00  3.953090000e-04  0.000000000e+00  3.136670000e-04  0.000000000e+00  1.440000000e-04  0.000000000e+00  1.738000000e-04  8.014700000e-01  2.244000000e-04  9.483700000e-01
  1.103400000e-04  0.000000000e+00  3.427850000e-04  0.000000000e+00  3.965090000e-04  0.000000000e+00  3.144860000e-04  0.000000000e+00  1.441000000e-04  0.000000000e+00  1.739000000e-04  7.999990000e-01  2.245000000e-04  9.474800000e-01
  1.106500000e-04  0.000000000e+00  3.438250000e-04  0.000000000e+00  3.977090000e-04  0.000000000e+00  3.153050000e-04  0.000000000e+00  1.442000000e-04  0.000000000e+00  1.740000000e-04  7.990150000e-01  2.246000000e-04  9.466400000e-01
  1.109600000e-04  0.000000000e+00  3.448650000e-04  0.000000000e+00  3.989090000e-04  0.000000000e+00  3.161240000e-04  0.000000000e+00  1.443000000e-04  0.000000000e+00  1.741000000e-04  7.983300000e-01  2.247000000e-04  9.453700000e-01
  1.112700000e-04  0.000000000e+00  3.459050000e-04  0.000000000e+00  4.001090000e-04  0.000000000e+00  3.169430000e-04  0.000000000e+00  1.444000000e-04  0.000000000e+00  1.742000000e-04  7.977970000e-01  2.248000000e-04  9.435500000e-01
  1.115800000e-04  0.000000000e+00  3.469450000e-04  0.000000000e+00  4.013090000e-04  0.000000000e+00  3.177620000e-04  0.000000000e+00  1.445000000e-04  0.000000000e+00  1.743000000e-04  7.974440000e-01  2.249000000e-04  9.427100000e-01
  1.118900000e-04  0.000000000e+00  3.479850000e-04  0.000000000e+00  4.025090000e-04  0.000000000e+00  3.185810000e-04  0.000000000e+00  1.446000000e-04  0.000000000e+00  1.744000000e-04  7.973400000e-01  2.250000000e-04  9.426000000e-01
  1.122000000e-04  0.000000000e+00  3.490250000e-04  0.000000000e+00  4.037090000e-04  0.000000000e+00  3.194000000e-04  0.000000000e+00  1.447000000e-04  0.000000000e+00  1.745000000e-04  7.975730000e-01  2.251000000e-04  9.425200000e-01
  1.125100000e-04  0.000000000e+00  3.500650000e-04  0.000000000e+00  4.049090000e-04  0.000000000e+00  3.202190000e-04  0.000000000e+00  1.448000000e-04  0.000000000e+00  1.746000000e-04  7.983000000e-01  2.252000000e-04  9.424200000e-01
  1.128200000e-04  0.000000000e+00  3.511050000e-04  0.000000000e+00  4.061090000e-04  0.000000000e+00  3.210380000e-04  0.000000000e+00  1.449000000e-04  0.000000000e+00  1.747000000e-04  7.995760000e-01  2.253000000e-04  9.423400000e-01
  1.131300000e-04  0.000000000e+00  3.521450000e-04  0.000000000e+00  4.073090000e-04  0.000000000e+00  3.218570000e-04  0.000000000e+00  1.450000000e-04  0.000000000e+00  1.748000000e-04  8.009800000e-01  2.254000000e-04  9.422400000e-01
  1.134400000e-04  0.000000000e+00  3.531850000e-04  0.000000000e+00  4.085090000e-04  0.000000000e+00  3.226760000e-04  0.000000000e+00  1.451000000e-04  0.000000000e+00  1.749000000e-04  8.021780000e-01  2.255000000e-04  9.420300000e-01
  1.137500000e-04  0.000000000e+00  3.542250000e-04  0.000000000e+00  4.097090000e-04  0.000000000e+00  3.234950000e-04  0.000000000e+00  1.452000000e-04  0.000000000e+00  1.750000000e-04  8.036660000e-01  2.256000000e-04  9.416200000e-01
  1.140600000e-04  0.000000000e+00  3.552650000e-04  0.000000000e+00  4.109090000e-04  0.000000000e+00  3.243140000e-04  0.000000000e+00  1.453000000e-04  0.000000000e+00  1.751000000e-04  8.061500000e-01  2.257000000e-04  9.411200000e-01
  1.143700000e-04  0.000000000e+00  3.563050000e-04  0.000000000e+00  4.121090000e-04  0.000000000e+00  3.251330000e-04  0.000000000e+00  1.454000000e-04  0.000000000e+00  1.752000000e-04  8.099650000e-01  2.258000000e-04  9.416300000e-01
  1.146800000e-04  0.000000000e+00  3.573450000e-04  0.000000000e+00  4.133090000e-04  0.000000000e+00  3.259520000e-04  0.000000000e+00  1.455000000e-04  0.000000000e+00  1.753000000e-04  8.139700000e-01  2.259000000e-04  9.438200000e-01
  1.149900000e-04  0.000000000e+00  3.583850000e-04  0.000000000e+00  4.145090000e-04  0.000000000e+00  3.267710000e-04  0.000000000e+00  1.456000000e-04  0.000000000e+00  1.754000000e-04  8.169810000e-01  2.260000000e-04  9.462000000e-01
  1.153000000e-04  0.000000000e+00  3.594250000e-04  0.000000000e+00  4.157090000e-04  0.000000000e+00  3.275900000e-04  0.000000000e+00  1.457000000e-04  0.000000000e+00  1.755000000e-04  8.191210000e-01  2.261000000e-04  9.486600000e-01
  1.156100000e-04  0.000000000e+00  3.604650000e-04  0.000000000e+00  4.169090000e-04  0.000000000e+00  3.284090000e-04  0.000000000e+00  1.458000000e-04  0.000000000e+00  1.756000000e-04  8.208400000e-01  2.262000000e-04  9.514400000e-01
  1.159200000e-04  0.000000000e+00  3.615050000e-04  0.000000000e+00  4.181090000e-04  0.000000000e+00  3.292280000e-04  0.000000000e+00  1.459000000e-04  0.000000000e+00  1.757000000e-04  8.224260000e-01  2.263000000e-04  9.542100000e-01
  1.162300000e-04  0.000000000e+00  3.625450000e-04  0.000000000e+00  4.193090000e-04  0.000000000e+00  3.300470000e-04  0.000000000e+00  1.460000000e-04  0.000000000e+00  1.758000000e-04  8.235300000e-01  2.264000000e-04  9.565200000e-01
  1.165400000e-04  0.000000000e+00  3.635850000e-04  0.000000000e+00  4.205090000e-04  0.000000000e+00  3.308660000e-04  0.000000000e+00  1.461000000e-04  0.000000000e+00  1.759000000e-04  8.237830000e-01  2.265000000e-04  9.583100000e-01
  1.168500000e-04  0.000000000e+00  3.646250000e-04  0.000000000e+00  4.217090000e-04  0.000000000e+00  3.316850000e-04  0.000000000e+00  1.462000000e-04  0.000000000e+00  1.760000000e-04  8.233880000e-01  2.266000000e-04  9.595800000e-01
  1.171600000e-04  0.000000000e+00  3.656650000e-04  0.000000000e+00  4.229090000e-04  0.000000000e+00  3.325040000e-04  0.000000000e+00  1.463000000e-04  0.000000000e+00  1.761000000e-04  8.226900000e-01  2.267000000e-04  9.604500000e-01
  1.174700000e-04  0.000000000e+00  3.667050000e-04  0.000000000e+00  4.241090000e-04  0.000000000e+00  3.333230000e-04  0.000000000e+00  1.464000000e-04  0.000000000e+00  1.762000000e-04  8.219060000e-01  2.268000000e-04  9.610300000e-01
  1.177800000e-04  0.000000000e+00  3.677450000e-04  0.000000000e+00  4.253090000e-04  0.000000000e+00  3.341420000e-04  0.000000000e+00  1.465000000e-04  0.000000000e+00  1.763000000e-04  8.207450000e-01  2.269000000e-04  9.614400000e-01
  1.180900000e-04  0.000000000e+00  3.687850000e-04  0.000000000e+00  4.265090000e-04  0.000000000e+00  3.349610000e-04  0.000000000e+00  1.466000000e-04  0.000000000e+00  1.764000000e-04  8.187900000e-01  2.270000000e-04  9.615400000e-01
  1.184000000e-04  0.000000000e+00  3.698250000e-04  0.000000000e+00  4.277090000e-04  0.000000000e+00  3.357800000e-04  0.000000000e+00  1.467000000e-04  0.000000000e+00  1.765000000e-04  8.155070000e-01  2.271000000e-04  9.604700000e-01
  1.187100000e-04  0.000000000e+00  3.708650000e-04  0.000000000e+00  4.289090000e-04  0.000000000e+00  3.365990000e-04  0.000000000e+00  1.468000000e-04  0.000000000e+00  1.766000000e-04  8.098900000e-01  2.272000000e-04  9.582800000e-01
  1.190200000e-04  0.000000000e+00  3.719050000e-04  0.000000000e+00  4.301090000e-04  0.000000000e+00  3.374180000e-04  0.000000000e+00  1.469000000e-04  0.000000000e+00  1.767000000e-04  8.010460000e-01  2.273000000e-04  9.548300000e-01
  1.193300000e-04  0.000000000e+00  3.729450000e-04  0.000000000e+00  4.313090000e-04  0.000000000e+00  3.382370000e-04  0.000000000e+00  1.470000000e-04  0.000000000e+00  1.768000000e-04  7.889900000e-01  2.274000000e-04  9.481200000e-01
  1.196400000e-04  0.000000000e+00  3.739850000e-04  0.000000000e+00  4.325090000e-04  0.000000000e+00  3.390560000e-04  0.000000000e+00  1.471000000e-04  0.000000000e+00  1.769000000e-04  7.745010000e-01  2.275000000e-04  9.350600000e-01
  1.199500000e-04  0.000000000e+00  3.750250000e-04  0.000000000e+00  4.337090000e-04  0.000000000e+00  3.398750000e-04  0.000000000e+00  1.472000000e-04  0.000000000e+00  1.770000000e-04  7.605270000e-01  2.276000000e-04  9.101600000e-01
  1.202600000e-04  0.000000000e+00  3.760650000e-04  0.000000000e+00  4.349090000e-04  0.000000000e+00  3.406940000e-04  0.000000000e+00  1.473000000e-04  0.000000000e+00  1.771000000e-04  7.505500000e-01  2.277000000e-04  8.709800000e-01
  1.205700000e-04  0.000000000e+00  3.771050000e-04  0.000000000e+00  4.361090000e-04  0.000000000e+00  3.415130000e-04  0.000000000e+00  1.474000000e-04  0.000000000e+00  1.772000000e-04  7.462150000e-01  2.278000000e-04  8.296200000e-01
  1.208800000e-04  0.000000000e+00  3.781450000e-04  0.000000000e+00  4.373090000e-04  0.000000000e+00  3.423320000e-04  0.000000000e+00  1.475000000e-04  0.000000000e+00  1.773000000e-04  7.417900000e-01  2.279000000e-04  7.954600000e-01
  1.211900000e-04  0.000000000e+00  3.791850000e-04  0.000000000e+00  4.385090000e-04  0.000000000e+00  3.431510000e-04  0.000000000e+00  1.476000000e-04  0.000000000e+00  1.774000000e-04  7.307180000e-01  2.280000000e-04  7.524400000e-01
  1.215000000e-04  0.000000000e+00  3.802250000e-04  0.000000000e+00  4.397090000e-04  0.000000000e+00  3.439700000e-04  0.000000000e+00  1.477000000e-04  0.000000000e+00  1.775000000e-04  7.105330000e-01  2.281000000e-04  6.907900000e-01
  1.218100000e-04  0.000000000e+00  3.812650000e-04  0.000000000e+00  4.409090000e-04  0.000000000e+00  3.447890000e-04  0.000000000e+00  1.478000000e-04  0.000000000e+00  1.776000000e-04  6.797800000e-01  2.282000000e-04  6.393100000e-01
  1.221200000e-04  0.000000000e+00  3.823050000e-04  0.000000000e+00  4.421090000e-04  0.000000000e+00  3.456080000e-04  0.000000000e+00  1.479000000e-04  0.000000000e+00  1.777000000e-04  6.385710000e-01  2.283000000e-04  5.902900000e-01
  1.224300000e-04  0.000000000e+00  3.833450000e-04  0.000000000e+00  4.433090000e-04  0.000000000e+00  3.464270000e-04  0.000000000e+00  1.480000000e-04  0.000000000e+00  1.778000000e-04  5.932500000e-01  2.284000000e-04  5.307600000e-01
  1.227400000e-04  0.000000000e+00  3.843850000e-04  0.000000000e+00  4.445090000e-04  0.000000000e+00  3.472460000e-04  0.000000000e+00  1.481000000e-04  0.000000000e+00  1.779000000e-04  5.503730000e-01  2.285000000e-04  4.758700000e-01
  1.230500000e-04  0.000000000e+00  3.854250000e-04  0.000000000e+00  4.457090000e-04  0.000000000e+00  3.480650000e-04  0.000000000e+00  1.482000000e-04  0.000000000e+00  1.780000000e-04  5.111920000e-01  2.286000000e-04  4.401100000e-01
  1.233600000e-04  0.000000000e+00  3.864650000e-04  0.000000000e+00  4.469090000e-04  0.000000000e+00  3.488840000e-04  0.000000000e+00  1.483000000e-04  0.000000000e+00  1.781000000e-04  4.756100000e-01  2.287000000e-04  4.077900000e-01
  1.236700000e-04  0.000000000e+00  3.875050000e-04  0.000000000e+00  4.481090000e-04  0.000000000e+00  3.497030000e-04  0.000000000e+00  1.484000000e-04  0.000000000e+00  1.782000000e-04  4.430640000e-01  2.288000000e-04  3.626300000e-01
  1.239800000e-04  0.000000000e+00  3.885450000e-04  0.000000000e+00  4.493090000e-04  0.000000000e+00  3.505220000e-04  0.000000000e+00  1.485000000e-04  0.000000000e+00  1.783000000e-04  4.110670000e-01  2.289000000e-04  3.163100000e-01
  1.242900000e-04  0.000000000e+00  3.895850000e-04  0.000000000e+00  4.505090000e-04  0.000000000e+00  3.513410000e-04  0.000000000e+00  1.486000000e-04  0.000000000e+00  1.784000000e-04  3.766400000e-01  2.290000000e-04  2.809200000e-01
  1.246000000e-04  0.000000000e+00  3.906250000e-04  0.000000000e+00  4.517090000e-04  0.000000000e+00  3.521600000e-04  0.000000000e+00  1.487000000e-04  0.000000000e+00  1.785000000e-04  3.375870000e-01  2.291000000e-04  2.423500000e-01
  1.249100000e-04  0.000000000e+00  3.916650000e-04  0.000000000e+00  4.529090000e-04  0.000000000e+00  3.529790000e-04  0.000000000e+00  1.488000000e-04  0.000000000e+00  1.786000000e-04  2.947600000e-01  2.292000000e-04  1.919500000e-01
  1.252200000e-04  0.000000000e+00  3.927050000e-04  0.000000000e+00  4.541090000e-04  0.000000000e+00  3.537980000e-04  0.000000000e+00  1.489000000e-04  0.000000000e+00  1.787000000e-04  2.507360000e-01  2.293000000e-04  1.581600000e-01
  1.255300000e-04  0.000000000e+00  3.937450000e-04  0.000000000e+00  4.553090000e-04  0.000000000e+00  3.546170000e-04  0.000000000e+00  1.490000000e-04  0.000000000e+00  1.788000000e-04  2.118600000e-01  2.294000000e-04  1.388000000e-01
  1.258400000e-04  0.000000000e+00  3.947850000e-04  0.000000000e+00  4.565090000e-04  0.000000000e+00  3.554360000e-04  0.000000000e+00  1.491000000e-04  0.000000000e+00  1.789000000e-04  1.833320000e-01  2.295000000e-04  1.232400000e-01
  1.261500000e-04  0.000000000e+00  3.958250000e-04  0.000000000e+00  4.577090000e-04  0.000000000e+00  3.562550000e-04  0.000000000e+00  1.492000000e-04  0.000000000e+00  1.790000000e-04  1.620620000e-01  2.296000000e-04  1.095100000e-01
  1.264600000e-04  0.000000000e+00  3.968650000e-04  0.000000000e+00  4.589090000e-04  0.000000000e+00  3.570740000e-04  0.000000000e+00  1.493000000e-04  0.000000000e+00  1.791000000e-04  1.428800000e-01  2.297000000e-04  9.757000000e-02
  1.267700000e-04  0.000000000e+00  3.979050000e-04  0.000000000e+00  4.601090000e-04  0.000000000e+00  3.578930000e-04  0.000000000e+00  1.494000000e-04  0.000000000e+00  1.792000000e-04  1.223300000e-01  2.298000000e-04  8.644000000e-02
  1.270800000e-04  0.000000000e+00  3.989450000e-04  0.000000000e+00  4.613090000e-04  0.000000000e+00  3.587120000e-04  0.000000000e+00  1.495000000e-04  0.000000000e+00  1.793000000e-04  1.038400000e-01  2.299000000e-04  7.534000000e-02
  1.273900000e-04  0.000000000e+00  3.999850000e-04  0.000000000e+00  4.625090000e-04  0.000000000e+00  3.595310000e-04  0.000000000e+00  1.496000000e-04  0.000000000e+00  1.794000000e-04  9.103200000e-02  2.300000000e-04  6.548000000e-02
  1.277000000e-04  0.000000000e+00  4.010250000e-04  0.000000000e+00  4.637090000e-04  0.000000000e+00  3.603500000e-04  0.000000000e+00  1.497000000e-04  0.000000000e+00  1.795000000e-04  8.146500000e-02  2.301000000e-04  5.766000000e-02
  1.280100000e-04  0.000000000e+00  4.020650000e-04  0.000000000e+00  4.649090000e-04  0.000000000e+00  3.611690000e-04  0.000000000e+00  1.498000000e-04  0.000000000e+00  1.796000000e-04  7.118000000e-02  2.302000000e-04  4.915000000e-02
  1.283200000e-04  0.000000000e+00  4.031050000e-04  0.000000000e+00  4.661090000e-04  0.000000000e+00  3.619880000e-04  0.000000000e+00  1.499000000e-04  0.000000000e+00  1.797000000e-04  5.780000000e-02  2.303000000e-04  3.898000000e-02
  1.286300000e-04  0.000000000e+00  4.041450000e-04  0.000000000e+00  4.673090000e-04  0.000000000e+00  3.628070000e-04  0.000000000e+00  1.500000000e-04  0.000000000e+00  1.798000000e-04  4.530000000e-02  2.304000000e-04  3.398000000e-02
  1.289400000e-04  0.000000000e+00  4.051850000e-04  0.000000000e+00  4.685090000e-04  0.000000000e+00  3.636260000e-04  0.000000000e+00  1.501000000e-04  0.000000000e+00  1.799000000e-04  3.781900000e-02  2.305000000e-04  3.201000000e-02
  1.292500000e-04  0.000000000e+00  4.062250000e-04  0.000000000e+00  4.697090000e-04  0.000000000e+00  3.644450000e-04  0.000000000e+00  1.502000000e-04  0.000000000e+00  1.800000000e-04  3.384700000e-02  2.306000000e-04  2.903000000e-02
  1.295600000e-04  0.000000000e+00  4.072650000e-04  0.000000000e+00  4.709090000e-04  0.000000000e+00  3.652640000e-04  0.000000000e+00  1.503000000e-04  0.000000000e+00  1.801000000e-04  3.046000000e-02  2.307000000e-04  2.539000000e-02
  1.298700000e-04  0.000000000e+00  4.083050000e-04  0.000000000e+00  4.721090000e-04  0.000000000e+00  3.660830000e-04  0.000000000e+00  1.504000000e-04  0.000000000e+00  1.802000000e-04  2.560300000e-02  2.308000000e-04  2.224000000e-02
  1.301800000e-04  0.000000000e+00  4.093450000e-04  0.000000000e+00  4.733090000e-04  0.000000000e+00  3.669020000e-04  0.000000000e+00  1.505000000e-04  0.000000000e+00  1.803000000e-04  2.070000000e-02  2.309000000e-04  1.961000000e-02
  1.304900000e-04  0.000000000e+00  4.103850000e-04  0.000000000e+00  4.745090000e-04  0.000000000e+00  3.677210000e-04  0.000000000e+00  1.506000000e-04  0.000000000e+00  1.804000000e-04  1.748100000e-02  2.310000000e-04  1.732000000e-02
  1.308000000e-04  0.000000000e+00  4.114250000e-04  0.000000000e+00  4.757090000e-04  0.000000000e+00  3.685400000e-04  0.000000000e+00  1.507000000e-04  0.000000000e+00  1.805000000e-04  1.542300000e-02  2.311000000e-04  1.560000000e-02
  1.311100000e-04  0.000000000e+00  4.124650000e-04  0.000000000e+00  4.769090000e-04  0.000000000e+00  3.693590000e-04  0.000000000e+00  1.508000000e-04  0.000000000e+00  1.806000000e-04  1.344000000e-02  2.312000000e-04  1.442000000e-02
  1.314200000e-04  0.000000000e+00  4.135050000e-04  0.000000000e+00  4.781090000e-04  0.000000000e+00  3.701780000e-04  0.000000000e+00  1.509000000e-04  0.000000000e+00  1.807000000e-04  1.080900000e-02  2.313000000e-04  1.273000000e-02
  1.317300000e-04  0.000000000e+00  4.145450000e-04  0.000000000e+00  4.793090000e-04  0.000000000e+00  3.709970000e-04  0.000000000e+00  1.510000000e-04  0.000000000e+00  1.808000000e-04  8.260000000e-03  2.314000000e-04  9.940000000e-03
  1.320400000e-04  0.000000000e+00  4.155850000e-04  0.000000000e+00  4.805090000e-04  0.000000000e+00  3.718160000e-04  0.000000000e+00  1.511000000e-04  0.000000000e+00  1.809000000e-04  6.612000000e-03  2.315000000e-04  7.990000000e-03
  1.323500000e-04  0.000000000e+00  4.166250000e-04  0.000000000e+00  4.817090000e-04  0.000000000e+00  3.726350000e-04  0.000000000e+00  1.512000000e-04  0.000000000e+00  1.810000000e-04  5.579000000e-03  2.316000000e-04  6.400000000e-03
  1.326600000e-04  0.000000000e+00  4.176650000e-04  0.000000000e+00  4.829090000e-04  0.000000000e+00  3.734540000e-04  0.000000000e+00  1.513000000e-04  0.000000000e+00  1.811000000e-04  4.600000000e-03  2.317000000e-04  4.260000000e-03
